22166.497771
0 1 0.000000
920 1 41.294659
920 926 7.479134
920 924 20.102362
923 924 22.362837
923 29 0.000000
29 69 0.000000
899 923 24.526854
899 925 14.706141
918 925 0.000000
879 924 33.343388
877 879 0.000000
877 878 14.385884
895 920 35.680302
69 154 66.256744
152 154 0.000000
110 152 25.344994
154 254 34.540062
254 278 10.015427
278 373 23.070673
290 373 0.000000
237 278 31.104002
236 237 0.000000
236 277 25.496988
253 277 22.706543
177 236 26.956274
177 190 15.555176
186 190 16.562962
131 152 44.076405
107 131 10.613800
373 392 46.674477
392 420 32.683468
419 420 0.000000
392 417 35.982155
416 417 0.000000
410 416 28.536657
410 418 15.022408
376 418 0.000000
373 394 47.858334
312 394 26.981297
310 312 0.000000
227 310 20.281019
211 227 15.638780
208 211 0.000000
182 208 28.579063
139 182 24.434555
138 139 0.000000
222 227 31.954809
143 222 34.318687
103 143 34.318687
26 103 9.246333
927 26 24.675468
927 928 28.332720
861 928 0.000000
860 861 0.000000
222 266 38.107761
87 143 42.435795
87 161 17.579102
160 161 0.000000
94 138 44.625168
94 116 32.002098
112 116 0.000000
112 174 6.241999
174 232 26.275776
232 293 7.584011
293 381 13.542980
381 399 0.000000
380 399 0.000000
380 415 12.386574
393 415 0.000000
303 393 11.120591
415 500 18.501713
500 553 16.874983
500 599 16.981684
292 293 21.524424
216 292 10.003845
380 443 22.966835
443 542 25.583534
542 601 7.212469
465 542 23.319677
465 513 27.449667
443 518 29.988935
518 526 15.853956
524 526 0.000000
519 524 18.665047
475 519 15.228025
387 475 11.006765
386 387 0.000000
304 386 19.102802
302 304 0.000000
391 475 19.262493
365 391 17.502205
307 391 23.190090
218 307 17.868734
217 218 0.000000
141 217 13.082150
120 141 0.000000
175 217 24.862026
133 217 28.090107
175 234 29.092127
226 234 0.000000
225 226 0.000000
225 315 7.822417
165 225 20.954479
163 165 0.000000
234 331 21.603838
309 331 0.000000
210 309 23.070673
209 210 0.000000
332 393 31.432880
53 112 32.252155
39 53 0.000000
16 39 0.000000
16 40 27.251987
425 513 32.802471
389 425 27.183685
369 425 27.306995
425 520 29.111582
389 432 31.867035
16 59 34.732658
59 98 22.896208
255 315 35.180809
255 264 25.946751
264 323 28.976437
323 411 35.660858
341 411 25.153854
315 407 36.031590
403 407 13.899744
407 422 33.752987
940 40 37.553539
910 940 0.000000
816 910 32.439091
759 816 21.909788
701 759 17.989269
701 722 7.269937
848 910 33.013100
840 848 0.000000
840 875 9.566971
874 875 0.000000
747 840 12.769809
653 747 28.094427
857 874 34.144733
857 921 26.581081
782 857 29.357859
710 782 11.679102
709 710 0.000000
709 784 21.803677
857 938 34.253609
922 938 21.017632
759 770 36.500824
22 94 37.569649
17 22 0.000000
931 17 6.673754
542 627 38.137825
627 643 9.841570
565 643 0.000000
564 565 0.000000
627 651 15.654455
508 564 20.850103
504 508 0.000000
486 504 23.167934
484 486 0.000000
651 748 36.133957
748 847 36.133957
846 847 0.000000
845 846 0.000000
845 943 16.371225
943 10 20.171843
942 10 7.221905
942 944 29.168135
520 539 38.789349
539 606 7.681965
539 540 35.746761
867 921 39.559525
306 323 39.680389
306 360 37.266342
360 431 29.360647
431 471 33.374947
655 709 40.226292
484 580 40.326649
540 628 42.350506
580 589 43.227360
530 589 34.911110
589 681 38.270973
656 681 11.144457
632 681 27.059326
623 632 16.398073
681 765 33.316910
144 163 43.957867
56 144 24.162029
25 56 22.117825
954 25 18.160156
33 56 38.137562
937 33 17.607681
868 937 14.489816
844 868 13.519810
768 844 0.000000
753 768 17.659298
842 937 20.505589
661 753 36.921650
661 745 20.736435
635 661 36.825455
568 635 33.233624
568 660 19.115414
659 660 0.000000
659 678 20.200048
675 678 0.000000
568 634 28.122393
842 935 40.068233
934 935 28.334959
675 732 41.224659
642 732 18.955273
596 642 22.786489
732 762 27.522367
761 762 0.000000
760 761 0.000000
760 792 14.157796
596 646 32.252121
613 646 0.000000
613 684 23.056379
684 685 30.838243
760 856 36.133488
557 613 41.250179
461 557 22.155926
388 461 16.429405
350 388 4.043820
283 350 19.022249
350 370 29.357533
370 453 16.664062
314 370 16.711992
453 506 30.129810
856 858 41.703754
769 858 19.569710
766 769 0.000000
766 841 36.380978
839 841 0.000000
34 56 43.250854
608 642 43.649712
608 657 27.176262
930 40 44.330482
930 38 24.765459
940 44 44.379955
44 91 29.661167
792 890 44.654613
890 977 3.004536
977 85 0.000000
85 89 19.957331
960 977 29.959671
978 89 30.745584
978 60 0.000000
979 60 21.186014
979 24 0.000000
24 96 30.900278
95 96 0.000000
799 890 32.580116
60 68 36.247948
24 47 40.564415
43 47 0.000000
43 65 21.811714
64 65 0.000000
64 72 25.009058
976 89 42.277855
976 42 14.596938
42 102 0.000000
41 102 0.000000
41 119 32.439026
104 119 27.657383
104 129 34.663708
4 104 37.143139
951 4 0.000000
908 951 40.621666
908 27 39.684444
27 28 30.277344
28 127 16.944128
914 28 17.179764
947 27 40.766434
851 947 0.000000
835 851 34.501976
835 881 38.334389
881 913 33.188942
912 913 0.000000
912 2 17.482067
885 2 19.962261
885 948 15.549127
948 6 0.000000
885 949 27.469015
814 885 29.611805
813 814 0.000000
790 813 13.793571
789 790 0.000000
788 789 0.000000
788 795 17.052616
813 838 24.778294
795 855 25.174620
855 870 10.956735
866 870 0.000000
785 866 20.148838
855 898 24.778294
898 945 11.634459
949 952 30.837038
838 876 31.063293
764 851 40.372025
764 796 32.237286
794 796 0.000000
755 794 8.925674
754 755 0.000000
750 794 34.239208
785 854 42.330383
773 854 22.395779
854 941 41.931988
904 941 37.223694
806 904 13.379406
904 11 19.463146
8 11 0.000000
8 35 27.243937
939 35 14.541531
886 939 2.991436
35 125 19.134668
124 125 0.000000
124 199 23.654900
147 199 22.084269
12 35 24.853008
8 36 32.841339
36 61 17.270084
61 81 17.288059
81 181 5.392888
181 183 0.000000
180 183 0.000000
124 198 34.799774
106 198 17.952269
178 180 37.349380
176 178 0.000000
176 207 15.568513
180 247 37.996315
247 346 10.631443
247 305 11.969007
305 340 14.299434
246 247 21.345091
246 298 12.527758
284 298 19.806902
261 284 19.852114
213 261 8.208440
212 213 0.000000
117 212 16.094223
291 346 21.865959
289 291 7.221905
117 155 35.231449
117 128 36.170044
74 128 12.412634
128 130 17.643318
146 180 38.232986
145 146 0.000000
74 170 41.949493
166 170 0.000000
166 245 18.667835
244 245 16.650204
166 187 24.192318
245 338 27.957312
338 366 31.895962
366 445 11.634459
366 454 42.442921
401 454 37.862854
401 472 19.753565
472 569 32.699562
569 576 35.591991
576 641 15.340371
617 641 29.840483
547 617 34.106503
463 547 28.911972
462 463 0.000000
462 517 35.350426
514 517 17.518652
435 514 22.500000
547 560 38.120762
560 645 17.178297
605 645 0.000000
604 605 0.000000
561 604 26.530111
641 714 41.771000
714 767 0.000000
703 767 18.536245
687 703 0.000000
952 45 43.686729
865 908 43.932079
863 865 14.571708
805 863 21.156582
912 950 44.169361
950 62 24.523773
62 63 30.811733
62 151 36.163288
52 151 13.090904
51 52 0.000000
514 571 44.215508
571 665 32.997509
663 665 0.000000
964 64 44.730026
900 964 0.000000
900 966 28.854330
833 900 38.614826
832 833 0.000000
831 832 0.000000
749 831 37.525703
735 749 37.537075
654 735 39.723629
654 717 28.854330
716 717 0.000000
716 718 8.877058
622 716 37.699490
621 622 0.000000
559 621 11.995269
474 559 12.804501
527 621 28.308075
458 527 25.873960
395 458 21.882366
395 409 27.183685
409 480 21.872570
480 501 19.777086
434 474 28.994572
433 434 0.000000
355 433 18.259071
353 355 12.885733
294 355 24.159906
294 299 28.449244
299 344 22.312662
342 344 0.000000
342 439 19.642929
229 294 29.509718
395 406 36.403687
196 294 41.050304
439 495 42.470520
400 495 25.676779
383 400 37.470364
286 383 28.873615
185 229 43.751492
718 757 44.118637
756 757 0.000000
662 756 28.921598
756 820 35.185616
662 739 39.819630
723 739 8.717126
720 723 0.000000
719 720 0.000000
739 740 28.969383
705 740 0.000000
704 705 0.000000
689 704 0.000000
688 689 0.000000
740 837 33.223835
837 902 21.709810
902 972 16.782742
972 46 15.127105
975 46 23.062031
802 902 23.575947
802 843 7.520773
763 843 25.124821
971 975 27.550478
971 30 27.337210
15 30 0.000000
13 15 0.000000
968 13 16.528252
968 969 26.834898
969 970 8.717126
837 896 28.175871
46 97 28.208319
97 195 17.535128
159 195 0.000000
713 763 28.739532
712 713 0.000000
711 712 0.000000
153 159 29.320200
153 240 12.888790
78 153 21.841427
73 78 0.000000
21 73 30.587446
763 849 32.967346
797 849 25.550936
973 21 33.045387
973 32 0.000000
31 32 0.000000
31 37 28.381346
648 711 34.919292
739 829 35.364792
828 829 0.000000
827 828 0.000000
801 827 33.820549
736 801 22.589321
590 648 36.675941
586 590 0.000000
585 586 0.000000
585 609 34.625381
538 585 35.522934
880 973 36.934681
736 786 37.143356
479 538 37.269470
477 479 0.000000
477 478 19.818615
970 49 37.338520
965 49 28.166830
13 80 37.782242
77 80 0.000000
967 77 19.005436
897 967 0.000000
967 79 0.000000
897 917 11.886962
746 827 37.863571
974 31 38.327847
585 603 42.311634
79 142 44.173565
140 142 20.416626
137 140 0.000000
137 223 30.460297
206 223 0.000000
206 262 28.952755
262 345 20.917334
343 345 0.000000
343 396 14.338709
396 469 11.026443
382 469 9.891178
469 551 15.368613
382 451 17.090111
347 382 27.675407
347 421 13.137640
285 347 14.045838
421 521 26.153261
521 545 0.000000
523 545 0.000000
421 515 28.166830
515 549 0.000000
512 549 0.000000
512 567 25.167681
566 567 0.000000
545 640 29.528107
638 640 19.189009
82 137 30.460297
962 82 21.910648
864 962 25.119514
821 864 25.119514
721 821 7.862203
14 82 30.384518
963 14 21.062979
963 23 28.820215
18 23 0.000000
18 48 10.728773
194 285 30.688154
864 888 31.002682
825 888 0.000000
824 825 0.000000
888 958 23.017481
810 824 23.017481
780 810 0.000000
888 961 29.188082
780 819 29.575033
817 819 0.000000
817 894 23.533760
798 894 28.011114
82 109 34.491837
108 109 0.000000
88 108 33.797722
58 88 12.100579
54 58 0.000000
54 84 27.613403
83 84 0.000000
83 93 14.015478
92 93 0.000000
92 172 36.719604
171 172 0.000000
584 640 37.520992
584 607 12.174096
607 612 8.434674
612 669 16.255522
485 584 16.332403
483 485 0.000000
412 483 33.391544
412 413 10.184898
362 413 0.000000
361 362 0.000000
296 361 18.057795
265 296 0.000000
265 358 14.012187
336 358 16.667969
336 375 12.174096
375 429 22.195312
385 429 23.977562
384 385 0.000000
318 384 19.189009
317 318 0.000000
281 361 33.634941
259 281 12.403532
235 259 15.327331
169 235 19.134733
168 169 0.000000
281 371 24.515024
371 397 12.250146
251 281 32.774624
358 457 35.669144
824 893 37.526951
893 957 7.546443
889 893 11.248422
812 889 0.000000
812 850 31.478127
850 906 19.285198
906 955 7.480041
787 850 26.183691
850 852 32.199070
818 852 0.000000
615 638 38.454979
615 647 36.475418
644 647 0.000000
644 668 17.656206
541 615 39.460476
522 541 20.114910
468 522 0.000000
467 468 0.000000
467 482 3.928034
457 494 39.947395
493 494 0.000000
492 493 0.000000
464 492 31.978445
464 556 20.494421
364 464 31.978445
364 368 35.048344
275 368 33.602634
268 275 19.061312
205 275 23.729708
204 205 0.000000
203 204 0.000000
203 242 22.835533
202 275 24.223190
189 202 9.462131
189 224 11.400269
219 224 11.455830
201 219 15.378655
150 201 22.507229
70 150 23.389423
70 126 25.753075
126 191 15.476976
126 157 23.777027
76 157 25.688633
75 76 0.000000
67 150 26.483067
75 167 27.058964
167 188 0.000000
188 263 17.951696
243 263 20.002956
115 157 32.392258
113 115 0.000000
111 113 0.000000
111 134 24.751505
99 134 32.352245
99 123 27.628613
99 101 34.736534
612 696 41.175293
695 696 0.000000
695 698 40.444019
698 752 30.783844
751 752 12.403532
733 752 35.199478
728 733 0.000000
268 363 41.703869
363 424 0.000000
423 424 0.000000
270 363 0.000000
423 509 13.164502
270 288 16.473331
509 531 19.345074
423 481 22.759575
473 481 16.104708
531 546 33.927696
459 546 22.778650
442 459 15.064188
459 510 28.155453
510 600 22.369720
531 587 34.722553
582 587 18.915668
581 582 0.000000
575 581 0.000000
510 537 36.618462
537 548 24.971642
507 548 0.000000
537 626 27.958889
573 626 28.814539
572 573 0.000000
430 509 39.885262
426 430 0.000000
426 456 42.888859
455 456 6.413193
455 497 28.614771
357 455 36.912056
357 448 42.702515
427 448 37.424541
339 427 30.064613
339 354 19.055332
354 446 17.390888
446 502 26.318666
776 798 42.906551
776 859 32.378365
738 776 40.909290
670 738 36.565350
670 673 25.282778
671 673 0.000000
666 671 0.000000
611 666 26.979944
528 611 0.000000
528 583 19.064657
579 583 0.000000
578 579 0.000000
528 529 22.235420
168 214 43.225517
122 214 9.448407
121 122 0.000000
105 121 18.499252
57 105 16.667969
438 502 43.277435
436 438 0.000000
158 251 44.001461
156 158 0.000000
162 262 44.360809
171 173 44.406624
173 238 32.604942
412 499 44.453758
498 499 0.000000
498 534 44.280426
534 620 39.643597
619 620 0.000000
618 619 0.000000
616 618 0.000000
616 639 34.663227
66 105 44.473034
509 602 44.667011
602 624 0.000000
624 700 12.626312
715 756 44.764942
686 715 22.668159
664 686 43.920845
664 680 19.724606
677 680 0.000000
873 952 44.784328
367 426 44.845535
367 452 41.463303
372 445 44.993710
372 460 31.127382
49 118 45.342392
965 71 45.346970
240 282 45.402374
260 282 12.052713
282 348 29.693789
862 931 45.559441
862 929 33.961197
800 862 45.559441
793 800 32.542572
793 872 45.299065
872 882 7.821879
822 872 29.705038
822 836 32.176311
666 744 46.113659
744 834 24.741219
830 834 0.000000
744 783 33.917519
737 830 40.893944
731 737 0.000000
724 731 0.000000
724 808 30.951149
778 808 0.000000
808 903 19.914896
901 903 0.000000
778 781 41.579048
608 610 46.168373
570 587 46.168861
570 598 41.932941
563 598 36.120522
562 563 0.000000
558 562 0.000000
558 625 7.954194
470 568 46.217937
907 931 46.275158
811 907 24.469984
791 811 34.967918
777 791 20.820635
777 826 25.489861
823 826 0.000000
804 823 0.000000
803 804 0.000000
332 398 46.279015
184 229 46.353546
184 257 33.301502
49 114 46.444275
20 114 35.008308
19 20 0.000000
916 19 20.678368
628 650 46.465202
650 741 0.000000
697 741 16.541300
690 741 20.972719
637 697 22.668089
637 679 15.519977
676 679 0.000000
694 697 23.296909
692 694 0.000000
692 779 21.081955
741 742 43.389313
674 742 37.155785
120 132 46.502689
215 257 46.530937
215 297 18.480213
297 352 23.389957
329 352 0.000000
327 329 0.000000
327 414 38.225246
414 444 21.634914
414 489 29.461674
488 489 0.000000
249 327 40.553757
249 273 16.667969
273 349 29.550278
349 447 30.000000
327 390 41.416897
322 390 19.343328
228 299 46.764473
163 250 46.825809
250 274 0.000000
341 377 47.011978
349 428 47.047821
428 496 21.748503
490 496 21.881264
490 503 27.700069
491 503 0.000000
491 532 15.254954
491 574 22.486080
532 588 30.207615
487 496 38.397320
428 450 40.607227
404 450 31.328573
402 404 0.000000
337 402 38.987076
335 337 0.000000
334 335 0.000000
333 334 0.000000
269 333 15.206906
233 269 37.210869
231 233 0.000000
230 231 0.000000
193 230 11.947556
149 193 40.236206
136 149 43.734802
519 577 47.384155
262 267 47.502262
267 271 16.148771
359 435 47.814049
359 408 47.574146
889 956 47.830135
956 5 39.291210
953 5 22.779949
498 536 47.893345
383 441 48.233643
437 441 6.963074
809 836 49.169632
533 556 49.755371
533 535 23.949051
535 629 13.869294
301 359 50.321960
598 658 50.590412
774 777 50.647831
702 774 16.538345
693 702 33.021732
691 693 0.000000
102 200 51.148186
398 476 51.387470
449 476 37.557285
449 466 42.362804
90 149 52.283058
230 330 52.501106
328 330 0.000000
287 328 35.962696
325 328 51.702602
324 325 0.000000
276 324 9.183508
252 276 0.000000
252 321 15.159100
320 321 0.000000
319 320 0.000000
252 256 23.949051
256 295 13.869294
279 295 0.000000
127 197 52.933430
623 699 53.090305
206 272 54.199627
248 272 17.933294
887 950 54.585178
883 887 0.000000
853 883 24.710554
871 883 24.858778
915 934 54.808163
589 682 55.480938
517 597 57.276848
516 597 43.660622
516 592 52.225113
591 592 0.000000
591 595 31.333399
593 595 0.000000
593 594 10.569304
511 594 15.894106
803 891 58.065311
192 245 58.188679
148 192 57.943043
850 936 59.780762
892 936 41.130421
892 909 40.587418
869 909 0.000000
869 884 41.553631
884 933 41.050304
932 933 6.784064
317 351 60.000641
771 800 60.033470
771 772 6.413193
743 772 55.558487
725 743 37.655670
707 725 51.820007
614 707 20.382898
614 706 45.032463
683 706 26.442381
672 706 31.805098
667 672 0.000000
683 730 54.038460
729 730 0.000000
649 729 21.835220
633 649 0.000000
630 633 0.000000
630 652 33.333202
636 652 0.000000
911 8 63.658752
905 911 34.722374
2 50 64.296516
50 86 45.816170
9 86 58.989365
946 9 0.000000
946 7 0.000000
7 55 12.102641
530 544 64.731300
544 552 53.817768
894 959 65.442863
73 135 65.515976
374 408 65.932854
313 374 25.449081
313 316 35.853691
308 316 0.000000
241 313 40.399323
313 405 41.456100
356 405 16.665625
300 356 18.156910
300 379 39.116985
378 379 0.000000
280 378 39.173668
258 280 15.579933
221 258 26.665510
220 221 0.000000
300 326 39.229298
164 241 65.557335
100 164 29.200439
401 440 67.332924
437 525 68.857407
525 543 0.000000
505 543 56.936436
505 550 8.332031
575 631 69.102036
543 555 69.319725
554 555 0.000000
685 727 70.046379
726 727 0.000000
743 758 72.712479
91 179 74.330826
179 239 26.967098
311 340 75.166603
866 919 81.950615
919 3 22.590307
708 750 89.964211
708 734 57.332935
734 807 20.468061
775 807 0.000000
775 815 35.490810