106512.259566
0 1 0.000000
1 4 346.016479
979 4 141.942490
978 979 21.186014
977 978 33.738697
976 977 60.028919
2 4 198.059036
2 6 20.643528
6 7 142.795639
7 9 0.000000
3 7 136.969559
3 8 116.515030
8 11 0.000000
11 12 48.210804
10 11 117.852737
11 16 201.618698
16 17 90.329773
17 22 0.000000
22 26 112.244301
26 29 150.848404
22 27 180.277557
27 28 30.277344
25 27 130.170929
24 25 96.992348
28 33 148.269287
33 34 73.944122
19 24 164.802551
19 20 0.000000
18 20 70.134300
18 23 0.000000
14 18 41.681374
15 18 85.402718
13 15 0.000000
20 21 153.665787
30 34 222.265442
30 31 168.672028
31 32 0.000000
32 37 28.381346
33 38 251.907394
38 40 47.139645
39 40 27.251987
40 44 78.005722
36 40 147.776428
35 36 59.758522
39 41 255.972672
41 42 0.000000
42 43 133.992111
43 47 0.000000
47 49 154.056931
46 49 79.048813
48 49 80.954720
42 45 169.423309
45 50 142.050095
50 55 113.480583
50 51 186.629501
51 52 0.000000
52 56 159.537231
56 60 106.751366
60 64 75.092445
64 65 0.000000
65 68 96.375809
68 72 91.954811
71 72 123.443565
71 73 65.016449
73 78 0.000000
77 78 130.199280
77 80 0.000000
79 80 19.005436
79 82 87.542793
82 83 88.927094
83 84 0.000000
84 88 36.215778
88 92 50.158001
92 93 0.000000
63 68 149.344376
62 63 30.811733
59 62 198.441818
59 61 182.375809
88 90 203.253204
85 90 168.907822
85 89 19.957331
90 95 181.046097
95 96 0.000000
65 67 221.922287
67 70 37.776653
70 75 59.037579
75 76 0.000000
66 67 99.463226
52 53 224.007050
49 54 224.330658
54 58 0.000000
57 58 165.282715
96 97 237.598648
973 978 258.565033
973 974 38.327847
972 974 111.632568
970 972 28.969383
969 970 8.717126
968 969 26.834898
972 975 36.328449
971 975 27.550478
967 971 55.573238
965 970 59.037144
965 966 62.244415
964 966 28.854330
963 967 70.283813
962 963 62.673031
961 962 61.791832
958 961 29.897264
955 958 42.060795
957 958 45.863693
956 957 50.932850
953 956 44.406624
959 961 85.842255
960 964 117.814362
954 959 180.070618
951 954 59.072998
947 951 92.142555
947 950 75.563637
948 950 50.321960
948 949 34.472397
949 952 30.837038
945 948 89.288673
944 945 69.929482
942 944 29.168135
942 943 23.190079
941 944 62.427486
939 941 70.803795
940 943 88.490829
938 940 103.819565
946 949 110.811882
935 940 229.581024
934 935 28.334959
935 937 60.392586
931 934 90.775055
929 931 78.870422
929 930 49.323952
927 929 52.446671
927 928 28.332720
926 928 99.138916
924 926 22.706543
920 924 20.102362
923 924 22.362837
918 923 33.333202
923 925 33.333202
932 934 108.491524
932 933 6.784064
922 927 112.834969
921 922 59.180367
933 936 126.398598
915 920 186.340240
910 915 225.222336
905 910 74.278442
904 905 95.923271
910 911 108.292572
910 914 159.629471
912 914 115.274620
912 913 0.000000
908 913 167.945358
907 908 129.268906
903 908 181.404831
901 903 0.000000
900 901 120.132225
900 902 145.374374
897 902 107.877556
896 897 145.414017
893 897 158.670792
889 893 11.248422
888 893 37.526951
893 894 81.121048
891 894 126.929405
889 892 129.874985
890 891 159.752441
887 890 138.285202
883 887 0.000000
881 883 113.020416
881 885 65.218109
876 881 91.471451
873 876 96.770714
871 873 87.524193
870 873 136.140976
866 870 0.000000
884 889 172.442307
868 871 181.387238
865 868 61.864307
863 865 14.571708
862 863 147.837280
860 862 74.934624
860 861 0.000000
862 867 86.459923
857 862 106.497650
867 872 157.104660
872 874 116.679871
874 875 0.000000
859 863 181.322540
859 864 178.484818
864 869 185.854660
907 909 187.959442
906 909 97.422852
875 878 187.964691
877 878 14.385884
877 879 0.000000
881 882 189.299438
881 886 201.925827
858 863 206.791763
856 858 41.703754
853 856 71.893341
851 853 112.067978
851 855 133.836807
854 855 58.418953
847 851 144.353088
845 847 0.000000
845 846 0.000000
846 848 106.955765
840 845 106.955765
836 840 156.253967
835 836 105.044724
835 838 113.227142
892 895 208.233856
895 899 78.849937
914 919 224.334396
842 846 225.517075
842 844 45.138527
839 844 167.167053
839 841 0.000000
834 839 198.196060
830 834 0.000000
830 831 104.676559
831 832 0.000000
832 833 0.000000
827 832 123.434586
827 828 0.000000
828 829 0.000000
833 837 128.914886
825 830 148.062164
824 825 0.000000
819 824 42.743904
817 819 0.000000
821 824 52.517342
812 817 73.394897
810 812 44.194767
817 818 108.028694
826 830 149.151596
823 826 0.000000
822 823 156.233673
808 810 208.812195
803 808 144.290054
803 804 0.000000
800 804 123.432304
800 805 113.438232
805 809 93.419159
809 813 136.748276
813 814 0.000000
798 803 137.753357
814 815 163.002716
798 801 166.018204
801 802 102.397736
797 802 81.725670
806 809 180.780121
799 804 185.246994
809 811 200.865997
811 816 169.196579
796 799 216.841995
794 796 0.000000
789 794 60.822990
788 789 0.000000
788 790 0.000000
790 795 17.052616
785 790 68.956192
792 794 142.956436
791 792 201.561020
791 793 97.724052
787 791 211.604843
783 787 117.442497
783 786 59.721680
780 783 89.650772
776 780 106.684601
776 777 105.317505
774 777 50.647831
772 774 83.538795
771 772 6.413193
778 783 127.535477
778 781 41.579048
770 771 128.716934
765 770 190.723663
764 765 86.924660
760 765 105.146851
760 761 0.000000
761 762 0.000000
762 766 74.533127
766 769 0.000000
765 768 117.334488
755 760 159.269699
754 755 0.000000
750 754 36.720814
764 767 203.286728
745 750 206.421875
745 749 198.965576
744 749 87.704002
739 744 130.823792
739 740 28.969383
736 739 89.757713
744 746 145.105621
735 739 157.744812
731 735 74.449478
735 737 74.449478
737 738 98.778763
732 735 123.291214
727 732 163.946335
726 727 0.000000
749 753 169.988388
733 738 179.363403
728 733 0.000000
725 728 198.014496
725 729 112.119919
729 730 0.000000
722 725 161.236191
759 764 218.427795
770 773 219.587601
773 775 214.883942
748 750 221.342072
747 748 92.237267
742 747 112.901245
741 742 43.389313
743 747 209.501511
841 843 228.236328
817 820 236.096939
756 761 241.768066
756 757 0.000000
806 807 253.015259
758 759 260.693878
763 766 271.794830
915 916 272.390625
916 917 153.583832
777 782 273.019897
782 784 23.115921
779 782 230.629410
752 753 275.224304
751 752 12.403532
724 728 277.347382
719 724 163.460114
719 720 0.000000
720 723 0.000000
715 720 67.106232
715 718 67.802620
716 718 8.877058
716 717 0.000000
713 718 110.604721
711 713 0.000000
711 712 0.000000
721 723 150.245346
69 70 280.387177
74 76 282.233765
96 98 293.576569
94 98 75.734596
91 94 159.492126
98 103 169.337982
103 107 77.014610
107 110 61.757702
107 111 119.719070
111 113 0.000000
113 115 0.000000
107 112 145.202560
112 116 0.000000
116 120 93.203529
117 120 129.780533
119 120 146.646942
101 103 166.691925
99 101 34.736534
101 105 163.912491
105 108 153.630692
108 109 0.000000
87 91 199.037094
109 114 205.122482
114 118 78.138603
120 123 205.924149
123 126 50.196442
121 123 130.204010
121 122 0.000000
126 131 164.347214
131 134 101.034225
133 134 146.599991
132 133 82.575325
127 132 53.450111
129 132 54.864231
127 128 109.252129
128 130 17.643318
125 130 135.947723
124 125 0.000000
133 138 144.457047
138 139 0.000000
139 143 85.450424
139 141 157.095078
141 144 119.062225
144 149 82.945374
149 150 122.576164
149 153 211.183258
98 102 211.192841
102 104 57.832623
133 136 216.066727
136 137 213.981613
137 140 0.000000
140 142 20.416626
141 146 222.379196
145 146 0.000000
145 147 128.354050
145 148 190.263763
148 151 110.583084
151 155 194.018951
155 160 240.395828
160 161 0.000000
150 152 248.639923
152 154 0.000000
154 156 158.357986
156 158 0.000000
157 158 120.157349
157 162 236.780502
159 162 134.170517
162 163 240.812637
163 165 0.000000
165 167 133.369995
167 168 207.621277
168 169 0.000000
169 171 87.133972
171 172 0.000000
172 173 44.406624
165 166 241.098999
166 170 0.000000
170 174 199.004745
174 179 90.949272
174 175 119.077385
179 182 119.771568
179 180 137.397385
180 181 0.000000
181 183 0.000000
176 181 37.349380
176 178 0.000000
183 187 114.798294
187 192 59.885944
192 197 60.472515
197 200 122.171837
177 182 180.570038
182 186 192.505493
186 190 16.562962
188 190 217.330322
188 191 74.611450
189 191 35.789528
189 194 78.271568
193 194 129.101395
193 196 143.131943
195 196 65.809937
197 198 228.139679
198 199 58.423580
164 166 242.605362
135 136 251.551224
86 91 252.709335
81 86 200.063568
100 102 267.441956
196 201 273.641357
201 202 34.999020
202 203 38.083694
203 204 0.000000
204 205 0.000000
201 206 187.739441
205 209 192.873062
209 210 0.000000
210 212 176.846390
212 213 0.000000
213 216 78.127296
216 217 110.991028
217 218 0.000000
207 212 148.924164
211 216 166.817307
208 211 0.000000
218 219 199.713684
219 224 11.455830
214 219 98.579269
224 225 175.683807
225 226 0.000000
219 223 176.898254
223 228 156.009735
228 230 78.865494
230 231 0.000000
231 233 0.000000
228 229 80.449509
233 234 182.613083
232 234 155.498825
227 232 149.072784
222 227 31.954809
210 215 219.470200
233 235 234.660355
235 238 54.059303
238 242 141.366699
242 243 158.835861
239 243 185.433701
237 242 226.820084
236 237 0.000000
216 220 240.925293
220 221 0.000000
239 244 246.831848
244 245 16.650204
245 246 76.963829
246 247 21.345091
241 244 156.744446
245 250 266.801819
250 255 75.319923
250 252 83.333496
252 256 23.949051
249 250 121.336464
256 257 194.113525
251 252 201.177658
251 254 166.800858
253 254 65.564888
254 259 211.597534
259 262 183.832565
262 267 47.502262
267 271 16.148771
269 271 60.149208
267 272 74.426628
269 273 88.639618
273 274 105.409309
274 279 57.265575
276 279 37.782207
275 276 130.388474
270 275 53.771042
268 270 41.703869
265 268 82.905540
263 268 106.460152
279 283 155.282471
263 266 172.691345
275 278 187.787415
277 278 35.804668
263 264 199.926193
261 264 148.949631
258 261 159.595367
276 281 204.008575
281 285 133.545578
285 287 66.688126
285 288 177.959335
288 290 137.435623
286 287 182.764282
282 286 90.181648
290 293 210.887955
292 293 21.524424
289 292 76.667496
289 291 7.221905
284 289 40.764156
293 298 131.229111
280 284 144.512024
298 302 146.691574
302 304 0.000000
304 307 23.806831
303 304 49.801968
307 309 50.017044
304 306 101.616348
301 306 107.277298
303 305 144.062805
300 301 159.729279
309 314 178.638580
314 315 158.173965
315 319 108.841873
319 320 0.000000
320 321 0.000000
321 324 19.919579
324 325 0.000000
325 328 51.702602
328 330 0.000000
330 333 91.017448
333 334 0.000000
334 335 0.000000
335 337 0.000000
337 342 86.139114
342 344 0.000000
344 348 80.555344
348 353 94.347939
353 355 12.885733
352 355 102.159981
349 352 73.701714
322 325 107.244087
322 327 56.741245
327 329 0.000000
350 352 115.948013
347 349 145.210785
343 347 48.699158
343 345 0.000000
347 351 127.722069
322 323 168.919968
330 331 181.643723
331 332 145.940826
336 337 185.720169
318 321 193.022827
317 318 0.000000
307 310 210.570892
310 312 0.000000
248 249 216.360443
349 354 222.180817
354 357 90.970711
357 360 183.169113
360 365 52.703804
365 367 153.658783
363 367 66.965599
363 368 80.307747
364 368 35.048344
361 364 81.664589
361 362 0.000000
358 362 28.937841
368 371 90.309166
371 375 72.457863
359 360 174.899918
356 359 91.444290
365 370 180.277557
370 372 190.027985
372 377 166.665619
372 374 179.505814
374 378 112.196877
378 379 0.000000
371 373 201.382980
373 376 97.182671
365 366 207.393509
369 372 217.305817
257 260 224.892075
377 380 227.989944
380 381 0.000000
381 386 83.990067
386 387 0.000000
387 391 22.904457
391 393 95.747993
393 398 77.045006
398 399 77.890709
394 398 85.246620
389 393 90.565338
392 394 94.145409
392 397 176.459488
396 397 171.547104
396 400 188.974716
400 402 93.741539
402 404 0.000000
395 400 142.736130
404 409 152.058701
406 409 48.876999
399 403 192.838135
403 407 13.899744
407 411 123.286140
408 411 167.730972
405 408 88.142632
401 405 135.925171
411 414 173.225204
411 415 185.096283
388 391 196.587234
388 390 120.239250
336 339 229.828659
339 341 193.955490
338 341 173.515228
338 340 95.485779
341 346 204.413010
306 311 237.252304
385 390 242.871628
384 385 0.000000
382 384 63.858051
382 383 158.993820
297 301 244.274551
294 297 102.131012
294 299 28.449244
295 297 123.968224
295 296 200.739517
415 419 247.017746
419 420 0.000000
416 420 53.906517
416 417 0.000000
417 418 30.401503
420 423 112.559860
423 424 0.000000
424 426 46.179882
426 430 0.000000
427 430 123.180969
427 432 110.509415
422 427 140.794128
425 427 148.567581
427 431 151.365250
431 435 98.314064
424 429 156.186417
421 424 169.412201
431 436 192.149338
436 438 0.000000
438 442 139.929153
442 446 160.422226
446 448 42.562801
448 452 96.531311
452 457 84.975494
452 456 96.009872
455 456 6.413193
456 459 67.932671
443 446 106.667542
447 452 174.614136
447 450 54.725849
444 447 97.809792
450 451 121.083046
443 445 178.502045
440 445 146.399841
448 449 179.206253
439 444 183.451431
434 439 41.842678
433 434 0.000000
439 441 72.495247
437 441 6.963074
428 433 96.130051
459 464 188.058411
464 469 107.173668
467 469 101.201736
467 468 0.000000
469 473 166.140167
450 453 230.056519
473 475 236.369080
471 475 65.838753
470 475 155.307404
475 476 191.688950
471 472 213.930038
413 417 243.625443
412 413 10.184898
466 471 252.369843
465 466 144.590744
460 465 146.471359
460 462 114.002792
462 463 0.000000
460 461 183.927734
458 461 236.041443
470 474 255.587067
474 477 81.599403
477 479 0.000000
478 479 19.818615
479 480 60.454933
313 314 256.278076
308 313 35.853691
313 316 35.853691
476 481 259.126556
481 483 96.441750
483 485 0.000000
482 485 155.062637
453 454 262.552094
410 413 264.454651
485 490 277.870178
490 491 27.700069
491 496 38.685482
487 490 44.753712
489 490 73.072670
488 489 0.000000
495 496 122.666176
496 501 140.652939
501 505 128.353104
501 503 179.305725
503 506 187.414200
491 492 212.756027
492 493 0.000000
493 494 0.000000
494 498 126.988548
498 499 0.000000
494 497 206.968048
497 502 114.065460
500 502 132.665253
500 504 101.215157
504 508 0.000000
508 513 94.740601
513 518 85.310776
518 519 34.516949
519 524 18.665047
524 526 0.000000
526 530 136.562973
518 520 146.396667
502 507 187.710739
507 510 40.569912
509 510 83.246910
509 512 185.172028
512 515 0.000000
514 519 195.450485
514 517 17.518652
516 517 91.950615
511 516 94.137733
526 531 209.406860
531 536 141.833374
534 536 89.025566
536 541 165.522614
541 545 117.052193
545 549 52.976681
549 551 41.157803
551 554 88.810249
554 555 0.000000
551 556 98.665756
556 558 93.303558
558 562 0.000000
562 563 0.000000
563 568 91.232590
550 555 133.653748
563 567 148.785675
566 567 0.000000
566 570 160.624786
570 575 49.892761
572 575 94.958481
572 573 0.000000
575 577 150.569122
577 580 136.635864
576 580 126.967552
571 576 133.685089
577 581 150.569122
581 582 0.000000
582 587 18.915668
541 543 161.846786
538 543 133.286285
569 571 167.111603
564 569 166.668625
564 565 0.000000
531 533 171.593674
533 535 23.949051
529 533 67.185730
528 529 22.235420
523 528 93.920952
521 523 0.000000
532 535 106.586731
521 522 125.863869
522 525 144.244995
527 532 147.666672
553 558 176.511337
584 587 187.708054
579 584 150.151993
578 579 0.000000
578 583 0.000000
583 588 85.837044
574 578 134.205399
560 565 204.778152
560 561 41.134354
548 553 206.155289
546 548 82.794128
536 537 211.597534
555 559 211.978378
557 562 221.892853
552 557 118.440285
547 552 151.135345
544 547 149.846542
542 547 212.887024
540 542 71.047897
539 540 35.746761
588 590 230.316528
585 590 0.000000
585 586 0.000000
588 589 262.848907
589 591 248.413681
591 592 0.000000
592 593 31.333399
593 595 0.000000
594 595 10.569304
592 597 93.766052
596 597 231.851120
596 598 216.754364
598 602 140.536133
600 602 113.553108
602 607 121.452911
607 612 8.434674
612 616 88.324387
616 618 0.000000
618 619 0.000000
619 620 0.000000
615 620 67.334099
611 612 125.124001
620 624 162.658707
624 626 96.538925
626 630 96.344559
630 633 0.000000
633 636 33.333202
626 631 156.213745
631 635 153.746323
634 635 35.074757
629 634 79.590782
625 629 96.580238
632 634 106.719681
627 632 126.139969
627 628 102.115448
623 627 116.871887
599 600 173.370331
599 601 45.940968
601 606 88.600227
610 611 197.022858
608 610 46.168373
608 613 72.946114
613 617 228.792480
635 640 242.538651
638 640 19.189009
638 639 60.000641
639 644 71.542290
644 647 0.000000
632 637 246.081451
637 641 108.434074
641 645 68.840065
641 643 155.837479
645 650 204.983978
650 651 130.134659
651 653 82.736061
653 655 86.961433
651 656 160.338959
656 661 104.462936
659 661 69.738770
659 660 0.000000
657 660 141.504013
654 657 148.344513
658 661 161.180038
661 665 205.302841
663 665 0.000000
643 646 209.764038
642 646 55.031940
660 664 216.089066
662 664 84.968048
664 666 87.286400
666 671 0.000000
671 673 0.000000
670 673 25.282778
673 677 67.775299
677 680 0.000000
669 670 79.447929
668 673 145.641876
670 675 179.335480
675 678 0.000000
678 681 145.862778
681 684 63.618744
684 685 30.838243
681 682 93.749496
679 682 153.734177
676 679 0.000000
674 676 59.985115
682 687 159.707199
687 692 118.390579
692 694 0.000000
694 697 23.296909
690 694 30.777411
697 701 198.853012
699 701 78.630043
701 706 196.131134
706 707 56.526138
707 709 98.223740
709 710 0.000000
702 707 181.412964
700 702 78.210266
698 700 81.203545
695 698 40.444019
695 696 0.000000
691 696 58.247700
691 693 0.000000
699 703 220.376358
703 708 208.694122
652 655 231.391663
649 652 33.333202
601 605 258.736572
604 605 0.000000
603 608 268.711945
609 610 276.034210
686 691 284.776306
686 688 100.850876
688 689 0.000000
844 849 296.677460
486 488 298.394409
484 486 0.000000
323 326 299.756866
672 674 305.295013
667 672 0.000000
185 189 313.431366
184 185 51.220222
612 614 315.584045
622 625 317.327454
621 622 0.000000
732 734 329.016388
104 106 329.339020
647 648 330.824738
710 714 335.487915
849 850 337.571991
850 852 32.199070
240 242 339.442810
682 683 345.682129
1 5 350.370605
898 901 363.628540
702 705 376.168457
704 705 0.000000
880 883 387.086395