22166.497771
333 335 0.000000
760 761 0.000000
756 757 0.000000
317 318 0.000000
754 755 0.000000
319 320 0.000000
319 321 0.000000
324 325 0.000000
327 329 0.000000
327 352 0.000000
328 330 0.000000
333 334 0.000000
760 762 0.000000
333 337 0.000000
342 344 0.000000
343 345 0.000000
731 737 0.000000
729 730 0.000000
728 733 0.000000
361 362 0.000000
361 413 0.000000
363 423 0.000000
270 363 0.000000
803 826 0.000000
803 823 0.000000
803 804 0.000000
973 31 0.000000
973 32 0.000000
794 796 0.000000
250 274 0.000000
252 276 0.000000
7 9 0.000000
789 790 0.000000
788 790 0.000000
265 296 0.000000
363 424 0.000000
780 810 0.000000
778 808 0.000000
279 295 0.000000
775 807 0.000000
290 373 0.000000
768 844 0.000000
766 769 0.000000
302 304 0.000000
308 316 0.000000
309 331 0.000000
310 312 0.000000
676 679 0.000000
689 740 0.000000
689 705 0.000000
689 704 0.000000
688 740 0.000000
687 703 0.000000
416 417 0.000000
419 420 0.000000
426 430 0.000000
677 680 0.000000
691 693 0.000000
675 678 0.000000
433 434 0.000000
436 438 0.000000
671 673 0.000000
667 672 0.000000
666 673 0.000000
663 665 0.000000
659 660 0.000000
462 463 0.000000
650 741 0.000000
467 468 0.000000
712 713 0.000000
726 727 0.000000
724 737 0.000000
720 723 0.000000
719 723 0.000000
376 418 0.000000
378 379 0.000000
716 717 0.000000
380 381 0.000000
380 399 0.000000
714 767 0.000000
236 237 0.000000
384 385 0.000000
711 713 0.000000
386 387 0.000000
709 710 0.000000
393 415 0.000000
402 404 0.000000
695 696 0.000000
692 694 0.000000
113 115 0.000000
77 80 0.000000
912 913 0.000000
910 940 0.000000
83 84 0.000000
92 93 0.000000
901 903 0.000000
900 964 0.000000
95 96 0.000000
897 967 0.000000
108 109 0.000000
111 113 0.000000
112 116 0.000000
75 76 0.000000
883 887 0.000000
120 141 0.000000
121 122 0.000000
877 879 0.000000
124 125 0.000000
874 875 0.000000
869 909 0.000000
137 140 0.000000
138 139 0.000000
866 870 0.000000
145 146 0.000000
861 928 0.000000
948 6 0.000000
13 15 0.000000
13 30 0.000000
16 39 0.000000
16 53 0.000000
17 22 0.000000
18 23 0.000000
19 20 0.000000
967 79 0.000000
29 69 0.000000
951 4 0.000000
860 928 0.000000
41 42 0.000000
41 102 0.000000
946 9 0.000000
43 47 0.000000
51 52 0.000000
54 58 0.000000
64 65 0.000000
923 29 0.000000
73 78 0.000000
918 925 0.000000
8 11 0.000000
825 888 0.000000
824 888 0.000000
203 204 0.000000
203 205 0.000000
206 223 0.000000
818 852 0.000000
208 211 0.000000
209 210 0.000000
817 819 0.000000
212 213 0.000000
827 828 0.000000
813 814 0.000000
217 218 0.000000
812 889 0.000000
220 221 0.000000
225 226 0.000000
225 234 0.000000
230 231 0.000000
230 233 0.000000
845 846 0.000000
152 154 0.000000
156 158 0.000000
159 195 0.000000
160 161 0.000000
851 947 0.000000
163 165 0.000000
166 170 0.000000
167 188 0.000000
168 169 0.000000
171 172 0.000000
846 847 0.000000
0 1 0.000000
176 178 0.000000
180 181 0.000000
180 183 0.000000
840 848 0.000000
839 841 0.000000
832 833 0.000000
831 833 0.000000
830 834 0.000000
828 829 0.000000
521 523 0.000000
604 645 0.000000
605 645 0.000000
512 515 0.000000
978 60 0.000000
616 620 0.000000
575 582 0.000000
498 499 0.000000
525 543 0.000000
630 633 0.000000
619 620 0.000000
979 24 0.000000
977 85 0.000000
468 522 0.000000
524 526 0.000000
484 486 0.000000
564 565 0.000000
566 567 0.000000
491 503 0.000000
644 647 0.000000
512 549 0.000000
618 620 0.000000
521 545 0.000000
630 649 0.000000
492 493 0.000000
565 643 0.000000
492 494 0.000000
579 583 0.000000
488 489 0.000000
578 583 0.000000
572 573 0.000000
504 508 0.000000
483 485 0.000000
554 555 0.000000
636 652 0.000000
613 646 0.000000
621 622 0.000000
593 595 0.000000
602 624 0.000000
581 582 0.000000
558 562 0.000000
562 563 0.000000
585 586 0.000000
585 590 0.000000
528 611 0.000000
477 479 0.000000
591 592 0.000000
507 548 0.000000
886 939 2.991436
890 977 3.004536
482 522 3.928034
350 388 4.043820
81 180 5.392888
116 174 6.241999
771 772 6.413193
455 456 6.413193
931 17 6.673754
932 933 6.784064
437 441 6.963074
542 601 7.212469
289 291 7.221905
942 10 7.221905
701 722 7.269937
920 926 7.479134
906 955 7.480041
802 843 7.520773
893 957 7.546443
232 293 7.584011
539 606 7.681965
872 882 7.821879
226 315 7.822417
721 821 7.862203
562 625 7.954194
213 261 8.208440
505 550 8.332031
607 612 8.434674
723 739 8.717126
969 970 8.717126
716 718 8.877058
754 794 8.925674
252 325 9.183508
26 103 9.246333
121 214 9.448407
189 202 9.462131
840 875 9.566971
565 627 9.841570
382 469 9.891178
216 292 10.003845
254 278 10.015427
362 412 10.184898
593 594 10.569304
107 131 10.613800
247 346 10.631443
18 48 10.728773
855 866 10.956735
386 475 11.006765
396 469 11.026443
303 393 11.120591
656 681 11.144457
812 893 11.248422
189 224 11.400269
219 224 11.455830
898 945 11.634459
366 445 11.634459
709 782 11.679102
897 917 11.886962
193 230 11.947556
247 305 11.969007
559 622 11.995269
260 282 12.052713
54 88 12.100579
9 55 12.102641
584 607 12.174096
336 375 12.174096
371 397 12.250146
381 415 12.386574
751 752 12.403532
259 281 12.403532
74 128 12.412634
246 298 12.527758
624 700 12.626312
747 840 12.769809
474 559 12.804501
353 355 12.885733
153 240 12.888790
120 218 13.082150
52 151 13.090904
347 421 13.137640
423 509 13.164502
806 904 13.379406
768 868 13.519810
293 381 13.542980
790 813 13.793571
256 295 13.869294
535 629 13.869294
403 407 13.899744
265 358 14.012187
84 93 14.015478
285 347 14.045838
761 792 14.157796
305 340 14.299434
345 396 14.338709
877 878 14.385884
868 937 14.489816
939 35 14.541531
863 865 14.571708
976 41 14.596938
899 918 14.706141
376 410 15.022408
442 459 15.064188
972 46 15.127105
252 321 15.159100
269 334 15.206906
475 519 15.228025
491 532 15.254954
235 259 15.327331
576 641 15.340371
469 551 15.368613
201 219 15.378655
126 191 15.476976
637 679 15.519977
885 948 15.549127
177 190 15.555176
178 207 15.568513
258 280 15.579933
208 227 15.638780
627 651 15.654455
518 526 15.853956
511 594 15.894106
117 213 16.094223
473 481 16.104708
267 271 16.148771
612 669 16.255522
485 584 16.332403
847 943 16.371225
623 632 16.398073
388 461 16.429405
288 363 16.473331
968 30 16.528252
702 774 16.538345
697 741 16.541300
186 190 16.562962
244 245 16.650204
370 453 16.664062
356 405 16.665625
336 358 16.667969
249 273 16.667969
57 105 16.667969
314 370 16.711992
902 972 16.782742
500 553 16.874983
28 127 16.944128
500 599 16.981684
788 795 17.052616
382 451 17.090111
560 645 17.178297
914 28 17.179764
36 61 17.270084
61 81 17.288059
354 446 17.390888
912 2 17.482067
365 391 17.502205
514 517 17.518652
97 159 17.535128
87 160 17.579102
937 33 17.607681
128 130 17.643318
647 668 17.656206
753 844 17.659298
218 307 17.868734
248 272 17.933294
167 263 17.951696
106 198 17.952269
701 759 17.989269
265 362 18.057795
300 356 18.156910
954 25 18.160156
355 433 18.259071
215 297 18.480213
105 121 18.499252
415 500 18.501713
687 714 18.536245
519 526 18.665047
170 245 18.667835
575 587 18.915668
642 732 18.955273
967 77 19.005436
283 350 19.022249
339 354 19.055332
268 275 19.061312
583 611 19.064657
302 386 19.102802
568 659 19.115414
35 124 19.134668
168 235 19.134733
318 385 19.189009
638 640 19.189009
391 475 19.262493
850 906 19.285198
322 390 19.343328
509 531 19.345074
904 11 19.463146
769 858 19.569710
342 439 19.642929
664 677 19.724606
401 472 19.753565
480 501 19.777086
284 298 19.806902
477 478 19.818615
261 284 19.852114
808 903 19.914896
85 89 19.957331
885 2 19.962261
243 263 20.002956
920 924 20.102362
467 541 20.114910
785 870 20.148838
943 10 20.171843
660 675 20.200048
227 310 20.281019
614 707 20.382898
137 142 20.416626
734 807 20.468061
464 556 20.494421
842 937 20.505589
916 19 20.678368
661 745 20.736435
777 791 20.820635
508 564 20.850103
262 343 20.917334
163 225 20.954479
650 690 20.972719
922 938 21.017632
963 14 21.062979
692 779 21.081955
805 863 21.156582
979 60 21.186014
246 247 21.345091
292 293 21.524424
226 309 21.603838
414 444 21.634914
837 902 21.709810
428 496 21.748503
709 784 21.803677
43 65 21.811714
633 729 21.835220
73 153 21.841427
291 346 21.865959
409 480 21.872570
490 496 21.881264
395 458 21.882366
759 816 21.909788
962 82 21.910648
147 199 22.084269
25 56 22.117825
461 557 22.155926
375 429 22.195312
528 529 22.235420
299 344 22.312662
924 29 22.362837
510 600 22.369720
773 854 22.395779
503 574 22.486080
435 514 22.500000
150 201 22.507229
736 801 22.589321
919 3 22.590307
637 697 22.668089
686 715 22.668159
253 277 22.706543
423 481 22.759575
459 546 22.778650
953 5 22.779949
596 642 22.786489
204 242 22.835533
59 98 22.896208
380 443 22.966835
810 888 23.017481
888 958 23.017481
613 684 23.056379
975 46 23.062031
278 373 23.070673
210 309 23.070673
484 504 23.167934
307 391 23.190090
692 697 23.296909
465 542 23.319677
70 150 23.389423
297 327 23.389957
817 894 23.533760
802 902 23.575947
124 199 23.654900
204 275 23.729708
126 157 23.777027
533 535 23.949051
256 276 23.949051
385 429 23.977562
294 355 24.159906
56 144 24.162029
170 187 24.192318
202 275 24.223190
139 182 24.434555
811 907 24.469984
281 371 24.515024
950 62 24.523773
899 923 24.526854
927 26 24.675468
853 883 24.710554
744 830 24.741219
111 134 24.751505
930 38 24.765459
855 898 24.778294
814 838 24.778294
12 35 24.853008
871 887 24.858778
175 217 24.862026
537 548 24.971642
65 72 25.009058
821 864 25.119514
864 962 25.119514
763 843 25.124821
341 411 25.153854
549 566 25.167681
795 855 25.174620
670 673 25.282778
110 154 25.344994
313 374 25.449081
777 823 25.489861
237 277 25.496988
797 849 25.550936
443 542 25.583534
400 495 25.676779
75 157 25.688633
70 126 25.753075
458 527 25.873960
255 264 25.946751
421 521 26.153261
787 850 26.183691
174 232 26.275776
446 502 26.318666
683 706 26.442381
67 150 26.483067
561 604 26.530111
857 921 26.581081
220 258 26.665510
968 969 26.834898
177 237 26.956274
179 239 26.967098
611 673 26.979944
312 394 26.981297
75 167 27.058964
632 681 27.059326
608 657 27.176262
389 425 27.183685
395 409 27.183685
8 35 27.243937
39 40 27.251987
369 425 27.306995
971 30 27.337210
465 513 27.449667
885 949 27.469015
732 762 27.522367
971 975 27.550478
54 83 27.613403
99 123 27.628613
104 119 27.657383
347 382 27.675407
490 503 27.700069
245 338 27.957312
537 626 27.958889
798 894 28.011114
133 218 28.090107
653 747 28.094427
568 634 28.122393
459 510 28.155453
421 515 28.166830
965 49 28.166830
837 896 28.175871
46 97 28.208319
527 622 28.308075
861 927 28.332720
934 935 28.334959
31 37 28.381346
294 299 28.449244
410 416 28.536657
182 211 28.579063
455 497 28.614771
713 763 28.739532
572 626 28.814539
963 23 28.820215
964 966 28.854330
654 717 28.854330
286 383 28.873615
463 547 28.911972
662 757 28.921598
206 262 28.952755
688 739 28.969383
264 323 28.976437
434 474 28.994572
175 234 29.092127
425 520 29.111582
942 944 29.168135
888 961 29.188082
100 164 29.200439
153 159 29.320200
350 370 29.357533
782 857 29.357859
360 431 29.360647
414 489 29.461674
229 294 29.509718
545 640 29.528107
273 349 29.550278
810 817 29.575033
814 885 29.611805
44 91 29.661167
282 348 29.693789
822 872 29.705038
617 641 29.840483
960 977 29.959671
443 518 29.988935
349 447 30.000000
339 427 30.064613
453 506 30.129810
532 588 30.207615
27 28 30.277344
14 82 30.384518
82 137 30.460297
140 223 30.460297
21 73 30.587446
194 285 30.688154
60 89 30.745584
698 752 30.783844
62 63 30.811733
949 952 30.837038
684 685 30.838243
979 95 30.900278
731 778 30.951149
824 864 31.002682
838 876 31.063293
236 278 31.104002
372 460 31.127382
404 450 31.328573
592 593 31.333399
332 393 31.432880
850 889 31.478127
672 706 31.805098
389 432 31.867035
338 366 31.895962
222 227 31.954809
464 494 31.978445
364 464 31.978445
94 116 32.002098
822 836 32.176311
818 850 32.199070
764 794 32.237286
596 646 32.252121
39 112 32.252155
99 134 32.352245
776 859 32.378365
113 157 32.392258
102 119 32.439026
816 910 32.439091
793 800 32.542572
799 890 32.580116
173 238 32.604942
392 419 32.683468
472 569 32.699562
251 281 32.774624
425 513 32.802471
8 36 32.841339
763 849 32.967346
571 663 32.997509
840 940 33.013100
693 702 33.021732
973 21 33.045387
881 913 33.188942
740 837 33.223835
568 635 33.233624
184 257 33.301502
681 765 33.316910
633 652 33.333202
877 924 33.343388
431 471 33.374947
412 483 33.391544
275 368 33.602634
281 361 33.634941
407 422 33.752987
88 108 33.797722
801 827 33.820549
744 783 33.917519
531 546 33.927696
862 929 33.961197
547 617 34.106503
857 874 34.144733
750 794 34.239208
857 938 34.253609
143 222 34.318687
103 143 34.318687
109 206 34.491837
835 851 34.501976
154 254 34.540062
590 609 34.625381
618 639 34.663227
104 129 34.663708
905 911 34.722374
531 587 34.722553
39 59 34.732658
99 101 34.736534
124 198 34.799774
530 589 34.911110
648 711 34.919292
791 811 34.967918
19 114 35.008308
364 368 35.048344
255 315 35.180809
756 820 35.185616
733 752 35.199478
117 155 35.231449
462 517 35.350426
739 828 35.364792
807 815 35.490810
538 590 35.522934
569 576 35.591991
323 411 35.660858
358 457 35.669144
895 920 35.680302
539 540 35.746761
308 313 35.853691
287 328 35.962696
392 417 35.982155
315 407 36.031590
563 598 36.120522
761 856 36.133488
748 847 36.133957
651 748 36.133957
62 151 36.163288
117 128 36.170044
978 68 36.247948
769 839 36.380978
395 406 36.403687
615 644 36.475418
759 770 36.500824
670 738 36.565350
510 537 36.618462
585 648 36.675941
92 172 36.719604
635 661 36.825455
357 455 36.912056
661 753 36.921650
880 973 36.934681
4 104 37.143139
736 786 37.143356
674 742 37.155785
233 269 37.210869
904 941 37.223694
306 360 37.266342
479 538 37.269470
970 49 37.338520
178 183 37.349380
427 448 37.424541
383 400 37.470364
584 640 37.520992
749 831 37.525703
888 893 37.526951
735 749 37.537075
940 40 37.553539
449 476 37.557285
22 94 37.569649
725 743 37.655670
621 717 37.699490
15 77 37.782242
401 454 37.862854
746 829 37.863571
180 247 37.996315
222 266 38.107761
547 560 38.120762
33 56 38.137562
542 627 38.137825
327 414 38.225246
145 181 38.232986
589 681 38.270973
973 974 38.327847
835 881 38.334389
487 496 38.397320
615 638 38.454979
831 900 38.614826
520 539 38.789349
333 404 38.987076
300 379 39.116985
280 379 39.173668
300 326 39.229298
956 5 39.291210
541 615 39.460476
867 921 39.559525
534 616 39.643597
306 323 39.680389
908 27 39.684444
654 735 39.723629
662 739 39.819630
430 509 39.885262
364 457 39.947395
842 935 40.068233
655 710 40.226292
149 193 40.236206
484 580 40.326649
764 851 40.372025
241 313 40.399323
696 698 40.444019
249 327 40.553757
24 43 40.564415
869 892 40.587418
428 450 40.607227
908 951 40.621666
947 27 40.766434
731 830 40.893944
738 776 40.909290
196 294 41.050304
884 933 41.050304
892 936 41.130421
612 696 41.175293
678 732 41.224659
557 613 41.250179
920 1 41.294659
352 390 41.416897
313 405 41.456100
367 452 41.463303
869 884 41.553631
781 808 41.579048
856 858 41.703754
268 270 41.703869
641 714 41.771000
854 941 41.931988
570 598 41.932941
74 170 41.949493
976 89 42.277855
586 603 42.311634
785 854 42.330383
540 628 42.350506
449 466 42.362804
87 143 42.435795
366 454 42.442921
439 495 42.470520
357 448 42.702515
430 456 42.888859
776 798 42.906551
168 214 43.225517
580 589 43.227360
34 56 43.250854
438 502 43.277435
741 742 43.389313
608 642 43.649712
516 597 43.660622
952 45 43.686729
136 149 43.734802
185 229 43.751492
664 686 43.920845
865 908 43.932079
144 163 43.957867
156 251 44.001461
131 152 44.076405
718 756 44.118637
913 950 44.169361
79 142 44.173565
514 571 44.215508
499 534 44.280426
930 40 44.330482
162 262 44.360809
940 44 44.379955
172 173 44.406624
412 499 44.453758
66 105 44.473034
94 139 44.625168
792 890 44.654613
509 602 44.667011
964 65 44.730026
715 757 44.764942
873 952 44.784328
367 426 44.845535
372 445 44.993710
614 706 45.032463
793 872 45.299065
49 118 45.342392
965 71 45.346970
240 282 45.402374
800 862 45.559441
862 931 45.559441
50 86 45.816170
673 744 46.113659
608 610 46.168373
570 587 46.168861
470 568 46.217937
907 931 46.275158
332 398 46.279015
184 229 46.353546
49 114 46.444275
628 650 46.465202
132 141 46.502689
215 257 46.530937
373 392 46.674477
228 299 46.764473
165 250 46.825809
341 377 47.011978
349 428 47.047821
519 577 47.384155
262 267 47.502262
359 408 47.574146
359 435 47.814049
889 956 47.830135
373 394 47.858334
499 536 47.893345
383 441 48.233643
809 836 49.169632
533 556 49.755371
301 359 50.321960
598 658 50.590412
774 777 50.647831
102 200 51.148186
398 476 51.387470
324 330 51.702602
707 725 51.820007
516 591 52.225113
90 149 52.283058
230 330 52.501106
127 197 52.933430
623 699 53.090305
544 552 53.817768
683 729 54.038460
223 272 54.199627
887 950 54.585178
915 934 54.808163
589 682 55.480938
743 772 55.558487
505 543 56.936436
517 597 57.276848
708 734 57.332935
148 192 57.943043
826 891 58.065311
192 245 58.188679
9 86 58.989365
850 936 59.780762
317 351 60.000641
771 800 60.033470
911 8 63.658752
2 50 64.296516
530 544 64.731300
894 959 65.442863
73 135 65.515976
164 241 65.557335
374 408 65.932854
69 152 66.256744
401 440 67.332924
437 525 68.857407
581 631 69.102036
543 555 69.319725
685 727 70.046379
743 758 72.712479
91 179 74.330826
311 340 75.166603
866 919 81.950615
708 750 89.964211