261611.514128
912 913 0.000000
319 320 0.000000
320 321 0.000000
324 325 0.000000
333 334 0.000000
334 335 0.000000
361 362 0.000000
378 379 0.000000
380 381 0.000000
384 385 0.000000
386 387 0.000000
317 318 0.000000
416 417 0.000000
419 420 0.000000
423 424 0.000000
433 434 0.000000
462 463 0.000000
467 468 0.000000
488 489 0.000000
492 493 0.000000
493 494 0.000000
180 181 0.000000
92 93 0.000000
95 96 0.000000
108 109 0.000000
121 122 0.000000
124 125 0.000000
138 139 0.000000
145 146 0.000000
160 161 0.000000
168 169 0.000000
171 172 0.000000
498 499 0.000000
203 204 0.000000
204 205 0.000000
209 210 0.000000
212 213 0.000000
217 218 0.000000
220 221 0.000000
225 226 0.000000
230 231 0.000000
236 237 0.000000
761 762 0.000000
845 846 0.000000
711 712 0.000000
712 713 0.000000
716 717 0.000000
719 720 0.000000
726 727 0.000000
729 730 0.000000
754 755 0.000000
756 757 0.000000
760 761 0.000000
709 710 0.000000
832 833 0.000000
831 832 0.000000
828 829 0.000000
827 828 0.000000
788 789 0.000000
789 790 0.000000
803 804 0.000000
813 814 0.000000
824 825 0.000000
874 875 0.000000
554 555 0.000000
562 563 0.000000
564 565 0.000000
566 567 0.000000
572 573 0.000000
578 579 0.000000
581 582 0.000000
585 586 0.000000
591 592 0.000000
604 605 0.000000
0 1 0.000000
618 619 0.000000
619 620 0.000000
621 622 0.000000
659 660 0.000000
860 861 0.000000
688 689 0.000000
695 696 0.000000
704 705 0.000000
846 847 0.000000
51 52 0.000000
19 20 0.000000
31 32 0.000000
75 76 0.000000
41 42 0.000000
64 65 0.000000
83 84 0.000000
455 456 6.413193
771 772 6.413193
932 933 6.784064
969 970 8.717126
717 718 8.877058
412 413 10.184898
593 594 10.569304
594 595 10.569304
751 752 12.403532
877 878 14.385884
878 879 14.385884
244 245 16.650204
79 80 19.005436
477 478 19.818615
478 479 19.818615
978 979 21.186014
246 247 21.345091
292 293 21.524424
528 529 22.235420
923 924 22.362837
942 943 23.190079
670 671 25.282778
968 969 26.834898
39 40 27.251987
490 491 27.700069
927 928 28.332720
934 935 28.334959
739 740 28.969383
27 28 30.277344
417 418 30.401503
62 63 30.811733
684 685 30.838243
592 593 31.333399
977 978 33.738697
948 949 34.472397
518 519 34.516949
201 202 34.999020
634 635 35.074757
539 540 35.746761
277 278 35.804668
971 972 37.355385
202 203 38.083694
973 974 38.327847
560 561 41.134354
741 742 43.389313
172 173 44.406624
970 971 44.807491
957 958 45.863693
925 926 46.105415
943 944 46.785309
888 889 47.540794
11 12 48.210804
929 930 49.323952
303 304 49.801968
302 303 49.801968
956 957 50.932850
184 185 51.220222
924 925 51.926872
967 968 56.111546
706 707 56.526138
854 855 58.418953
198 199 58.423580
921 922 59.180367
35 36 59.758522
638 639 60.000641
976 977 60.028919
38 39 60.260166
479 480 60.454933
961 962 61.791832
965 966 62.244415
962 963 62.673031
253 254 65.564888
195 196 65.809937
615 616 67.334099
660 661 69.738770
944 945 69.929482
18 19 70.134300
489 490 73.072670
794 795 73.764473
795 796 73.764473
33 34 73.944122
861 862 74.934624
928 929 75.041656
715 716 76.655815
245 246 76.963829
398 399 77.890709
639 640 78.138603
955 956 78.138603
964 965 79.035439
669 670 79.447929
228 229 80.449509
48 49 80.954720
949 950 81.076958
893 894 81.121048
941 942 81.608582
132 133 82.575325
509 510 83.246910
291 292 83.389465
418 419 84.067650
764 765 86.924660
930 931 88.279457
82 83 88.927094
271 272 90.098015
14 15 90.300385
13 14 90.300385
16 17 90.329773
516 517 91.950615
747 748 92.237267
367 368 93.086243
681 682 93.749496
904 905 95.923271
24 25 96.992348
737 738 98.778763
66 67 99.463226
487 488 101.037727
468 469 101.201736
627 628 102.115448
801 802 102.397736
958 959 103.648056
830 831 104.676559
833 834 104.676559
835 836 105.044724
776 777 105.317505
306 307 105.408844
273 274 105.409309
847 848 106.955765
818 819 108.028694
817 818 108.028694
910 911 108.292572
352 353 108.391922
321 322 108.445938
363 364 108.909401
127 128 109.252129
933 934 109.871452
188 189 110.392059
216 217 110.991028
947 948 113.619843
972 973 114.811714
913 914 115.274620
362 363 116.544479
10 11 117.852737
718 719 118.468994
926 927 118.801308
174 175 119.077385
900 901 120.132225
157 158 120.157349
156 157 120.157349
450 451 121.083046
249 250 121.336464
149 150 122.576164
495 496 122.666176
426 427 123.180969
71 72 123.443565
804 805 125.024109
611 612 125.124001
974 975 125.744034
522 523 125.863869
521 522 125.863869
532 533 126.930748
146 147 128.354050
770 771 128.716934
731 732 129.037033
193 194 129.101395
907 908 129.268906
650 651 130.134659
77 78 130.199280
122 123 130.204010
275 276 130.388474
229 230 132.623154
42 43 133.992111
786 787 134.027527
255 256 134.918365
931 932 135.319839
116 117 135.712738
179 180 137.397385
829 830 138.399963
892 893 140.158630
6 7 142.795639
78 79 143.398941
2 3 144.035629
465 466 144.590744
896 897 145.414017
331 332 145.940826
133 134 146.599991
119 120 146.646942
862 863 147.837280
583 584 150.151993
720 721 150.245346
305 306 153.076965
916 917 153.583832
20 21 153.665787
393 394 154.107132
940 941 154.535599
482 483 155.062637
112 113 155.457108
111 112 155.457108
115 116 155.457108
950 951 155.736618
822 823 156.233673
656 657 156.449875
668 669 157.356857
304 305 157.445938
327 328 157.884033
328 329 157.884033
329 330 157.884033
314 315 158.173965
242 243 158.835861
382 383 158.993820
300 301 159.729279
890 891 159.752441
456 457 161.015350
814 815 163.002716
723 724 163.460114
768 769 164.355316
57 58 165.282715
658 659 165.718948
470 471 166.716568
178 179 167.355057
30 31 168.672028
322 323 168.919968
777 778 169.712448
396 397 171.547104
959 960 172.778061
599 600 173.370331
765 766 173.896973
294 295 174.423141
945 946 174.492416
349 350 174.686768
359 360 174.899918
224 225 175.683807
736 737 175.786163
110 111 177.568436
567 568 178.474930
448 449 179.206253
631 632 180.277557
519 520 180.688187
920 921 180.833710
330 331 181.643723
624 625 182.129745
47 48 182.452652
233 234 182.613083
286 287 182.764282
555 556 183.076874
460 461 183.927734
223 224 184.600479
335 336 185.720169
336 337 185.720169
50 51 186.629501
342 343 186.847260
343 344 186.847260
344 345 186.847260
963 964 187.870941
72 73 188.074188
89 90 188.290909
881 882 189.299438
870 871 189.346649
475 476 191.688950
348 349 191.885986
318 319 193.022827
431 432 193.851303
451 452 194.062744
256 257 194.113525
939 940 194.414703
323 324 195.238220
205 206 197.020081
610 611 197.022858
402 403 197.617203
403 404 197.617203
218 219 199.713684
263 264 199.926193
429 430 200.702103
295 296 200.739517
677 678 201.089432
251 252 201.177658
210 211 201.377914
208 209 201.377914
791 792 201.561020
966 967 201.785934
701 702 202.374313
274 275 203.354492
891 892 204.008575
98 99 204.510727
598 599 205.389771
285 286 205.955383
287 288 206.155289
735 736 206.254517
738 739 206.401855
365 366 207.393509
167 168 207.621277
728 729 208.106094
390 391 208.140503
128 129 208.293152
922 923 208.799866
301 302 208.829071
446 447 208.886917
550 551 209.359039
625 626 209.466812
935 936 209.578278
563 564 210.421799
517 518 211.155319
536 537 211.597534
901 902 211.700745
902 903 211.700745
753 754 211.702301
841 842 211.958496
268 269 212.022736
744 745 212.545517
491 492 212.756027
387 388 213.601532
471 472 213.930038
545 546 213.971359
136 137 213.981613
600 601 214.814133
129 130 216.304214
248 249 216.360443
885 886 218.271347
383 384 220.165436
792 793 221.228195
825 826 221.595276
823 824 221.595276
557 558 221.892853
339 340 223.364746
859 860 223.575821
52 53 224.007050
630 631 224.289551
23 24 226.202988
46 47 227.020721
868 869 227.397766
197 198 228.139679
364 365 228.186218
535 536 229.729858
527 528 229.978958
340 341 231.159470
596 597 231.851120
447 448 232.504150
235 236 232.530914
951 952 232.873322
357 358 233.025314
871 872 233.665070
914 915 233.850891
61 62 233.892105
855 856 234.068573
442 443 234.139252
422 423 234.465927
56 57 234.734909
549 550 235.128677
461 462 235.700302
819 820 236.096939
190 191 236.114090
502 503 236.189148
272 273 236.410934
96 97 237.598648
820 821 237.886185
267 268 237.990891
425 426 238.458832
853 854 238.941620
162 163 240.812637
780 781 240.934097
165 166 241.098999
392 393 241.350372
194 195 241.398514
63 64 241.813202
421 422 242.799728
798 799 243.150925
283 284 243.344910
211 212 243.762573
911 912 244.196609
844 845 244.767441
577 578 245.394424
309 310 245.879578
226 227 246.218460
126 127 246.486786
67 68 247.070923
338 339 247.740875
882 883 248.034561
793 794 248.828339
182 183 250.374176
181 182 250.374176
936 937 250.834885
481 482 251.501175
135 136 251.551224
189 190 251.721222
347 348 251.877670
445 446 251.884659
7 8 252.101074
8 9 252.101074
642 643 252.212448
806 807 253.015259
269 270 253.721191
428 429 253.823746
946 947 253.907257
513 514 254.190811
469 470 254.896729
906 907 254.998962
865 866 255.529465
810 811 255.862671
313 314 256.278076
960 961 257.146118
700 701 259.592804
759 760 259.608276
556 557 260.076202
576 577 260.581940
758 759 260.693878
938 939 261.322266
808 809 261.332550
582 583 261.730438
453 454 262.552094
588 589 262.848907
805 806 265.612091
533 534 265.685852
65 66 265.719910
430 431 266.734283
270 271 267.583069
587 588 267.950714
580 581 268.197693
131 132 268.557465
397 398 269.987854
59 60 270.792053
799 800 271.293427
605 606 271.345123
843 844 272.187500
872 873 272.348297
915 916 272.390625
26 27 274.446167
40 41 274.874939
811 812 275.220367
752 753 275.224304
420 421 275.236237
9 10 275.358490
497 498 275.432983
415 416 275.524689
609 610 276.034210
250 251 276.067535
645 646 276.167572
436 437 276.685364
437 438 276.685364
237 238 278.101196
150 151 278.311646
175 176 279.789124
443 444 279.814484
69 70 280.387177
74 75 282.233765
826 827 283.066437
954 955 283.709991
424 425 284.164642
494 495 284.660492
534 535 285.377106
187 188 287.099762
435 436 287.620697
407 408 288.506836
391 392 288.932098
118 119 289.875580
529 530 291.343170
452 453 291.955109
867 868 292.402374
310 311 294.118896
311 312 294.118896
655 656 294.192108
908 909 294.346466
444 445 294.437012
262 263 294.482971
552 553 294.779114
507 508 294.940857
154 155 297.256012
762 763 297.802551
531 532 298.143433
234 235 299.870941
570 571 299.932373
685 686 300.075653
120 121 301.246338
574 575 301.571167
166 167 301.994598
626 627 302.624695
147 148 303.377960
130 131 303.398468
414 415 303.735382
842 843 303.873505
289 290 304.138123
104 105 305.568817
661 662 305.570190
375 376 305.610352
657 658 305.797424
548 549 306.394775
699 700 306.668518
379 380 307.591278
377 378 307.670990
652 653 308.297272
207 208 309.156860
802 803 309.473297
427 428 310.851776
601 602 311.061737
290 291 311.174866
508 509 311.211212
858 859 311.525818
341 342 312.091248
254 255 312.196594
70 71 312.548096
641 642 312.615967
797 798 312.654907
438 439 313.038208
3 4 313.224243
886 887 314.003967
296 297 314.858521
937 938 314.938812
114 115 315.103210
113 114 315.103210
838 839 315.614471
894 895 315.999207
608 609 316.228333
395 396 316.295807
264 265 316.952118
742 743 317.382599
530 531 318.065338
278 279 318.950226
790 791 319.688812
623 624 319.770325
413 414 320.386627
558 559 321.892853
276 277 321.902069
200 201 321.904449
523 524 322.559021
464 465 322.580658
25 26 322.900513
875 876 324.077728
144 145 324.303589
864 865 325.003754
214 215 325.172546
103 104 326.362854
834 835 327.070404
232 233 328.295319
231 232 328.295319
243 244 330.186951
612 613 330.708344
647 648 330.824738
595 596 331.732422
674 675 331.855927
863 864 332.303436
85 86 332.504181
743 744 334.188080
385 386 334.725128
143 144 335.335236
698 699 337.022034
724 725 337.291809
148 149 337.370697
849 850 337.571991
784 785 338.522308
282 283 340.015228
17 18 340.041718
22 23 340.041718
32 33 340.384979
252 253 341.695953
354 355 341.917328
265 266 343.127045
353 354 343.332153
772 773 343.442596
288 289 343.591980
459 460 343.746613
607 608 343.965820
503 504 344.118896
44 45 344.470612
351 352 344.965302
215 216 344.972992
732 733 345.137451
682 683 345.682129
680 681 346.048248
297 298 347.742798
366 367 348.386627
749 750 348.454956
889 890 348.914062
368 369 350.340515
360 361 351.233948
873 874 351.568787
866 867 352.094910
745 746 354.628204
622 623 355.808594
192 193 357.720306
155 156 357.842010
909 910 358.951508
565 566 359.205566
635 636 359.266205
94 95 359.302673
406 407 360.941498
769 770 360.966797
101 102 361.448517
191 192 362.367157
766 767 362.398743
584 585 362.904236
568 569 363.794037
579 580 364.122650
454 455 365.152588
620 621 368.029633
767 768 368.089447
613 614 368.413483
76 77 369.275177
573 574 371.378662
369 370 372.675476
372 373 374.536285
575 576 375.037720
975 976 375.567505
856 857 376.158142
512 513 376.227478
441 442 376.615570
332 333 376.792206
496 497 377.850677
388 389 378.286591
651 652 379.222076
102 103 379.651520
773 774 380.355499
628 629 380.539215
84 85 380.926605
381 382 381.931885
196 197 382.647369
315 316 384.484070
675 676 384.515259
678 679 384.515259
307 308 385.245270
629 630 385.599609
411 412 386.441223
28 29 387.128021
597 598 387.886169
140 141 388.713348
60 61 388.725739
199 200 389.149475
389 390 389.783905
800 801 390.075348
633 634 390.265442
499 500 390.471039
88 89 390.839874
457 458 390.913086
569 570 391.600342
781 782 391.997375
4 5 392.136566
953 954 392.322540
486 487 393.342407
308 309 394.030151
473 474 394.180115
221 222 395.831848
434 435 396.679565
815 816 397.399414
106 107 397.935547
505 506 398.274261
158 159 398.793823
755 756 399.590485
485 486 401.253052
483 484 401.253052
484 485 401.253052
632 633 404.249084
544 545 404.424713
816 817 405.212585
370 371 405.859589
474 475 405.967590
141 142 406.484985
93 94 407.247803
164 165 408.206390
163 164 408.206390
107 108 408.453217
571 572 409.240051
356 357 410.024567
501 502 410.557068
293 294 411.234833
649 650 413.627075
151 152 413.786194
646 647 414.126251
809 810 414.285217
514 515 416.029480
90 91 416.218872
821 822 416.435577
561 562 417.389832
857 858 417.752960
672 673 417.899109
671 672 417.899109
666 667 417.899109
883 884 417.921692
281 282 418.076294
259 260 419.221924
839 840 419.381042
840 841 419.381042
614 615 419.429230
763 764 420.734253
279 280 421.025848
173 174 422.073242
730 731 423.267365
683 684 424.030792
665 666 424.265167
213 214 425.740967
850 851 426.220215
796 797 427.449493
734 735 427.860077
725 726 427.967133
463 464 428.498505
748 749 428.987518
43 44 429.672577
55 56 430.249451
526 527 430.917938
602 603 434.199097
97 98 434.811035
546 547 435.579102
371 372 436.208588
551 552 436.258179
350 351 437.084686
903 904 437.299683
284 285 438.022034
807 808 438.552643
480 481 440.687469
257 258 440.975494
520 521 442.480042
690 691 443.092316
606 607 443.428192
543 544 444.645447
227 228 445.183411
525 526 446.292236
524 525 446.292236
337 338 448.090820
408 409 448.750000
547 548 448.869110
346 347 450.307709
887 888 450.528534
125 126 450.763550
86 87 450.798584
553 554 450.881683
58 59 452.963776
702 703 453.344177
506 507 453.954498
109 110 453.963562
653 654 454.319550
721 722 454.927521
693 694 455.024017
692 693 455.024017
691 692 455.024017
326 327 455.070740
851 852 455.871796
34 35 455.999084
222 223 456.190277
1 2 457.260803
137 138 458.786346
139 140 458.786346
410 411 458.948914
783 784 459.170105
261 262 459.587799
376 377 459.768799
176 177 460.840271
177 178 460.840271
663 664 461.324585
664 665 461.324585
836 837 462.308777
238 239 463.585815
449 450 464.028687
298 299 464.718048
979 0 465.916748
708 709 466.544678
662 663 466.569885
186 187 467.155151
782 783 467.677521
636 637 469.449585
722 723 469.752319
589 590 473.733826
53 54 475.022888
117 118 475.269257
884 885 476.643036
673 674 478.086182
123 124 478.528595
696 697 478.971130
219 220 479.172729
707 708 479.715088
15 16 481.504974
586 587 481.847656
399 400 482.861603
757 758 483.747345
358 359 488.495148
667 668 490.706024
880 881 491.111664
21 22 491.249115
266 267 492.470673
654 655 493.227478
183 184 493.497864
325 326 493.512054
727 728 494.765594
852 853 494.797089
355 356 495.372589
778 779 495.822662
345 346 497.252136
541 542 498.609344
169 170 498.876404
404 405 499.593109
643 644 500.000000
869 870 500.730988
694 695 502.122772
898 899 503.655426
134 135 503.989532
697 698 504.045471
917 918 506.109650
161 162 506.716034
472 473 507.824005
905 906 509.600922
787 788 509.817841
432 433 510.040710
458 459 510.234131
876 877 511.561676
542 543 512.636475
515 516 513.750977
45 46 513.984497
774 775 515.193115
750 751 518.352539
312 313 522.114197
401 402 522.748474
500 501 526.439331
299 300 527.551453
49 50 528.659546
142 143 528.847717
919 920 529.563538
559 560 533.167419
87 88 534.726196
241 242 536.967590
68 69 540.285339
240 241 543.893616
29 30 544.109802
775 776 547.167236
899 900 551.718201
405 406 552.299255
640 641 552.602478
504 505 553.898254
373 374 554.025513
466 467 554.037659
152 153 555.643005
153 154 555.643005
714 715 557.508118
91 92 558.054565
105 106 558.787292
785 786 561.132812
686 687 561.963684
812 813 564.802734
73 74 565.435059
260 261 567.427673
170 171 567.546631
540 541 567.646057
705 706 569.519714
99 100 569.838501
37 38 572.074097
81 82 572.568237
837 838 573.515076
185 186 575.511719
679 680 575.824402
676 677 575.824402
746 747 578.499817
100 101 578.936707
247 248 579.626526
394 395 580.179199
617 618 581.239075
616 617 581.239075
918 919 581.977539
848 849 582.942017
895 896 582.997864
537 538 583.120361
637 638 587.131714
897 898 589.254272
280 281 590.473511
511 512 592.110168
5 6 592.857910
258 259 593.223877
239 240 595.398865
374 375 596.758057
603 604 601.064392
510 511 607.101074
400 401 611.808105
439 440 614.508484
590 591 619.178589
159 160 621.832153
440 441 622.138855
779 780 623.212830
206 207 624.552673
733 734 633.199707
80 81 633.766785
36 37 634.628113
713 714 638.021912
409 410 643.016113
952 953 647.102966
476 477 649.704163
703 704 655.576904
687 688 655.576904
710 711 656.620056
648 649 662.718933
538 539 669.009949
644 645 671.853638
879 880 671.967834
740 741 673.034180
316 317 678.906738
689 690 693.012451
12 13 701.896057