10204.743388
586 590 0.000000
803 804 0.000000
803 823 0.000000
803 826 0.000000
120 141 0.000000
716 966 0.000000
585 586 0.000000
716 717 0.000000
393 415 0.000000
180 181 0.000000
177 417 0.000000
177 416 0.000000
894 347 0.000000
714 767 0.000000
846 847 0.000000
967 79 0.000000
176 178 0.000000
290 373 0.000000
19 20 0.000000
121 122 0.000000
965 342 0.000000
945 445 0.000000
334 337 0.000000
283 461 0.000000
800 931 0.000000
719 969 0.000000
578 579 0.000000
578 583 0.000000
719 723 0.000000
719 720 0.000000
327 352 0.000000
290 507 0.000000
965 344 0.000000
932 99 0.000000
891 252 0.000000
891 276 0.000000
327 329 0.000000
181 183 0.000000
581 582 0.000000
892 281 0.000000
704 972 0.000000
172 351 0.000000
384 385 0.000000
92 93 0.000000
171 639 0.000000
705 972 0.000000
829 968 0.000000
171 351 0.000000
597 949 0.000000
17 22 0.000000
705 740 0.000000
897 79 0.000000
16 293 0.000000
898 244 0.000000
832 833 0.000000
381 399 0.000000
898 366 0.000000
380 399 0.000000
16 53 0.000000
385 787 0.000000
290 548 0.000000
895 278 0.000000
712 713 0.000000
591 592 0.000000
845 847 0.000000
711 713 0.000000
663 665 0.000000
386 387 0.000000
593 595 0.000000
334 335 0.000000
709 710 0.000000
385 640 0.000000
18 23 0.000000
896 282 0.000000
135 478 0.000000
944 298 0.000000
671 673 0.000000
883 887 0.000000
948 359 0.000000
789 790 0.000000
550 975 0.000000
333 334 0.000000
270 363 0.000000
731 737 0.000000
270 423 0.000000
270 424 0.000000
425 747 0.000000
830 834 0.000000
422 745 0.000000
554 555 0.000000
729 730 0.000000
923 69 0.000000
420 758 0.000000
923 29 0.000000
419 758 0.000000
728 733 0.000000
31 32 0.000000
436 438 0.000000
960 444 0.000000
831 832 0.000000
206 223 0.000000
536 751 0.000000
739 970 0.000000
433 434 0.000000
265 296 0.000000
204 205 0.000000
557 976 0.000000
786 963 0.000000
203 205 0.000000
57 358 0.000000
787 955 0.000000
428 749 0.000000
788 789 0.000000
426 430 0.000000
281 752 0.000000
724 737 0.000000
189 368 0.000000
851 947 0.000000
279 295 0.000000
279 629 0.000000
572 573 0.000000
1 110 0.000000
186 652 0.000000
186 636 0.000000
411 656 0.000000
403 635 0.000000
95 96 0.000000
575 581 0.000000
946 9 0.000000
946 7 0.000000
64 65 0.000000
402 404 0.000000
82 223 0.000000
418 899 0.000000
558 562 0.000000
328 330 0.000000
558 563 0.000000
792 119 0.000000
948 6 0.000000
726 727 0.000000
16 39 0.000000
564 565 0.000000
564 643 0.000000
794 796 0.000000
276 533 0.000000
566 567 0.000000
24 489 0.000000
24 488 0.000000
964 229 0.000000
637 11 0.000000
633 29 0.000000
137 140 0.000000
152 154 0.000000
8 11 0.000000
635 937 0.000000
821 962 0.000000
636 918 0.000000
636 925 0.000000
8 207 0.000000
934 436 0.000000
77 80 0.000000
639 956 0.000000
683 878 0.000000
336 607 0.000000
688 689 0.000000
75 76 0.000000
839 841 0.000000
630 633 0.000000
630 649 0.000000
974 135 0.000000
688 972 0.000000
309 331 0.000000
631 17 0.000000
310 312 0.000000
687 703 0.000000
632 27 0.000000
827 828 0.000000
343 345 0.000000
320 321 0.000000
676 679 0.000000
659 660 0.000000
978 60 0.000000
675 678 0.000000
654 900 0.000000
654 964 0.000000
651 847 0.000000
827 829 0.000000
657 766 0.000000
657 769 0.000000
323 765 0.000000
324 325 0.000000
138 139 0.000000
825 888 0.000000
977 85 0.000000
317 318 0.000000
644 647 0.000000
317 638 0.000000
910 940 0.000000
824 825 0.000000
145 146 0.000000
319 320 0.000000
650 741 0.000000
677 680 0.000000
912 913 0.000000
933 423 0.000000
609 974 0.000000
901 903 0.000000
166 170 0.000000
610 979 0.000000
610 24 0.000000
813 814 0.000000
611 959 0.000000
613 646 0.000000
124 125 0.000000
13 30 0.000000
13 15 0.000000
163 165 0.000000
615 957 0.000000
616 618 0.000000
616 619 0.000000
616 620 0.000000
302 304 0.000000
602 624 0.000000
603 763 0.000000
604 605 0.000000
899 376 0.000000
604 645 0.000000
810 958 0.000000
378 379 0.000000
168 169 0.000000
375 584 0.000000
167 188 0.000000
607 105 0.000000
812 889 0.000000
156 158 0.000000
156 624 0.000000
362 413 0.000000
88 522 0.000000
625 935 0.000000
88 468 0.000000
88 467 0.000000
691 693 0.000000
361 413 0.000000
840 848 0.000000
973 31 0.000000
818 852 0.000000
941 146 0.000000
308 316 0.000000
159 195 0.000000
695 696 0.000000
942 291 0.000000
971 286 0.000000
73 78 0.000000
365 805 0.000000
160 161 0.000000
621 622 0.000000
0 1 0.000000
364 494 0.000000
364 493 0.000000
364 492 0.000000
692 694 0.000000
817 819 0.000000
10 289 0.000000
495 843 0.000000
230 233 0.000000
230 231 0.000000
83 84 0.000000
108 109 0.000000
42 102 0.000000
525 543 0.000000
780 810 0.000000
472 703 0.000000
524 526 0.000000
866 870 0.000000
470 954 0.000000
860 861 0.000000
860 928 0.000000
523 545 0.000000
498 499 0.000000
41 102 0.000000
256 535 0.000000
522 668 0.000000
770 930 0.000000
54 58 0.000000
259 751 0.000000
528 959 0.000000
477 479 0.000000
490 735 0.000000
212 213 0.000000
43 47 0.000000
491 503 0.000000
240 603 0.000000
112 116 0.000000
760 762 0.000000
760 761 0.000000
768 844 0.000000
927 211 0.000000
927 208 0.000000
952 408 0.000000
103 222 0.000000
515 549 0.000000
953 173 0.000000
221 560 0.000000
929 138 0.000000
455 771 0.000000
874 875 0.000000
508 943 0.000000
220 560 0.000000
456 772 0.000000
51 52 0.000000
249 532 0.000000
667 672 0.000000
775 807 0.000000
512 515 0.000000
457 695 0.000000
250 274 0.000000
504 508 0.000000
226 234 0.000000
521 545 0.000000
778 808 0.000000
254 537 0.000000
466 922 0.000000
756 757 0.000000
225 234 0.000000
926 277 0.000000
877 879 0.000000
111 115 0.000000
111 113 0.000000
754 755 0.000000
936 412 0.000000
217 218 0.000000
462 463 0.000000
454 641 0.000000
950 301 0.000000
260 538 0.000000
951 4 0.000000
915 367 0.000000
869 909 0.000000
232 553 0.000000
484 486 0.000000
439 756 0.000000
236 237 0.000000
666 673 0.000000
483 485 0.000000
209 210 0.000000
924 253 0.000000
596 762 0.878428
120 391 0.880898
914 127 1.113281
440 939 1.690950
863 175 2.291062
886 939 2.991436
890 85 3.004536
136 273 3.067738
144 250 3.105165
868 33 3.516027
530 851 3.725543
4 129 3.777417
469 819 3.857623
482 668 3.928034
845 155 4.008305
350 388 4.043820
904 178 4.127347
128 246 4.346139
519 822 4.599381
251 733 5.008553
963 267 5.107162
245 445 5.188737
568 768 5.270566
557 856 5.305597
487 654 5.364918
81 181 5.392888
816 40 5.554688
72 257 5.664673
798 194 5.726304
144 568 5.727062
513 653 5.839551
759 232 5.963783
380 553 6.009343
434 622 6.065596
514 912 6.115689
674 81 6.168939
314 453 6.210723
112 174 6.241999
213 484 6.269021
961 343 6.395177
771 772 6.413193
382 819 6.463321
648 32 6.478175
485 607 6.667969
800 22 6.673754
859 219 6.680002
353 820 6.689703
261 484 6.712821
293 722 6.714801
99 424 6.784064
126 452 6.807212
756 196 6.832236
311 650 6.860403
90 231 6.899455
293 701 6.902443
59 518 6.943653
98 302 6.960658
437 441 6.963074
38 432 7.116888
830 233 7.117565
542 601 7.212469
289 291 7.221905
179 425 7.334773
436 791 7.335549
920 926 7.479134
86 356 7.479587
906 955 7.480041
802 843 7.520773
893 957 7.546443
387 519 7.581890
53 232 7.584011
859 224 7.628456
539 606 7.681965
872 882 7.821879
226 315 7.822417
721 962 7.862203
562 935 7.954194
769 68 7.954671
306 431 8.112652
782 938 8.285270
901 149 8.288281
73 348 8.323316
505 550 8.332031
598 777 8.374928
712 21 8.398585
336 612 8.434674
122 375 8.447042
680 48 8.502891
294 718 8.626079
214 429 8.629348
944 128 8.684680
720 970 8.717126
753 868 8.717577
142 272 8.722408
642 890 8.724506
707 26 8.862781
718 966 8.877058
18 271 8.892998
755 794 8.925674
324 533 9.183508
37 480 9.196962
26 222 9.246333
509 932 9.333563
864 82 9.336855
121 214 9.448407
189 202 9.462131
218 577 9.495020
130 247 9.506587
848 874 9.566971
676 806 9.591203
480 797 9.659925
237 392 9.674314
865 315 9.726625
349 737 9.785964
185 355 9.816139
872 59 9.820567
627 643 9.841570
698 869 9.844243
693 123 9.914878
216 542 9.915260
117 486 9.936090
517 2 9.938273
653 910 9.973477
57 483 10.000000
216 292 10.003845
895 254 10.015427
856 42 10.096027
466 710 10.110301
936 361 10.184898
541 644 10.186710
863 331 10.198455
159 400 10.307764
292 443 10.411999
149 447 10.412337
444 799 10.442780
844 33 10.540823
593 594 10.569304
944 74 10.570434
107 131 10.613800
130 346 10.631137
407 753 10.646133
355 820 10.670374
142 248 10.723575
18 48 10.728773
86 300 10.785775
481 693 10.787133
339 446 10.805661
315 661 10.835938
835 197 10.849501
381 500 10.866524
228 402 10.924557
570 915 10.932980
855 870 10.956735
242 457 10.958715
387 475 11.006765
427 793 11.018031
396 469 11.026443
12 125 11.089795
710 938 11.090798
239 389 11.099913
303 393 11.120591
411 681 11.144457
176 676 11.197975
889 893 11.248422
354 502 11.255451
44 540 11.398513
189 224 11.400269
59 526 11.429077
918 410 11.482379
660 56 11.500528
729 924 11.566649
945 244 11.634459
721 108 11.679985
166 338 11.697701
462 814 11.719131
547 866 11.719570
976 370 11.791696
906 317 11.800936
266 476 11.810823
501 849 11.816119
443 722 11.817209
104 377 11.866567
138 398 11.866817
434 820 11.868817
917 967 11.886962
193 230 11.947556
247 305 11.969007
822 304 11.992537
435 754 11.994076
559 621 11.995269
282 538 12.052713
729 926 12.057199
54 468 12.100579
9 55 12.102641
336 584 12.174096
371 397 12.250146
686 20 12.337607
380 415 12.386574
886 35 12.387362
850 318 12.389463
752 259 12.403532
848 179 12.422625
517 913 12.450892
567 798 12.475231
551 817 12.477770
725 860 12.512323
517 788 12.579057
700 158 12.626312
269 744 12.668949
473 884 12.671524
287 528 12.743979
659 25 12.747549
474 559 12.804501
173 534 12.805358
12 199 12.829473
153 240 12.888790
859 201 12.924580
502 907 12.948028
61 180 13.019620
141 217 13.082150
51 151 13.090904
961 396 13.101905
347 421 13.137640
543 746 13.171327
127 431 13.299078
134 426 13.332031
130 246 13.338374
916 404 13.362218
389 874 13.379405
913 192 13.379729
580 682 13.382163
28 431 13.407281
58 541 13.439504
204 457 13.439504
162 271 13.439660
355 716 13.462912
87 449 13.568243
777 934 13.587038
476 655 13.619682
837 348 13.622625
590 21 13.623522
789 813 13.793571
295 535 13.869294
163 407 13.887578
407 635 13.899744
265 358 14.012187
84 93 14.015478
174 415 14.024245
285 347 14.045838
969 383 14.065880
534 5 14.081284
655 921 14.109960
628 742 14.111151
761 792 14.157796
136 588 14.163549
501 797 14.178000
515 670 14.187490
169 412 14.234032
305 340 14.299434
865 331 14.369906
878 879 14.385884
663 881 14.404545
524 822 14.455996
66 194 14.498796
970 97 14.555797
418 636 14.706141
274 659 14.767907
689 97 14.784160
10 155 14.825027
970 400 14.848046
675 25 14.850490
714 3 14.890334
617 898 14.906101
241 374 14.951531
19 228 14.958720
421 798 15.010288
600 743 15.034188
442 459 15.064188
972 46 15.127105
320 533 15.159100
452 774 15.175566
764 62 15.198206
269 337 15.206906
503 532 15.254954
101 442 15.255044
430 587 15.280350
751 235 15.327331
454 576 15.340371
307 475 15.365625
414 799 15.401657
796 301 15.407734
71 559 15.435971
243 455 15.446321
126 191 15.476976
175 577 15.480544
313 592 15.495373
207 679 15.519977
583 744 15.539147
885 359 15.549127
190 416 15.555176
878 0 15.579933
258 280 15.579933
442 546 15.580220
927 227 15.638780
477 590 15.643706
627 847 15.654455
371 698 15.655963
383 827 15.675132
78 240 15.782616
908 132 15.792192
208 707 15.814829
251 397 15.889837
591 807 15.892817
588 724 15.893961
511 594 15.894106
306 589 15.910318
462 838 16.057497
456 575 16.073879
473 481 16.104708
619 852 16.106945
632 765 16.112204
614 26 16.125896
267 271 16.148771
115 367 16.149477
84 541 16.161648
47 297 16.163315
140 554 16.196434
612 669 16.255522
843 153 16.306067
471 699 16.331390
508 847 16.371225
86 405 16.396526
623 632 16.398073
746 77 16.415291
283 388 16.429405
288 363 16.473331
118 437 16.522804
968 15 16.528252
702 774 16.538345
650 697 16.541300
918 190 16.562962
599 930 16.574434
525 30 16.648325
141 365 16.664062
370 453 16.664062
134 531 16.666504
601 40 16.666504
551 894 16.667969
273 532 16.667969
886 124 16.669182
688 902 16.782742
510 743 16.869349
330 738 16.932871
28 360 16.944128
5 238 16.977818
132 623 16.980852
500 599 16.981684
788 795 17.052616
382 451 17.090111
198 440 17.098459
867 222 17.117807
220 604 17.178297
767 280 17.183172
401 569 17.194731
394 861 17.266157
36 61 17.270084
465 601 17.288256
802 159 17.385267
354 446 17.390888
87 161 17.579102
547 838 17.579102
157 570 17.607735
464 776 17.666105
838 50 17.746143
287 666 17.748650
725 107 17.798531
217 307 17.868734
188 263 17.951696
106 198 17.952269
930 332 17.959476
544 63 17.989496
809 914 18.038044
296 413 18.057795
588 808 18.074856
328 529 18.109631
200 506 18.111797
699 836 18.114737
448 931 18.136856
954 25 18.160156
99 531 18.267756
91 540 18.278326
322 781 18.313040
685 871 18.352543
187 372 18.446516
215 297 18.480213
219 464 18.503098
811 76 18.511377
703 714 18.536245
329 574 18.544256
166 245 18.667835
6 148 18.675642
961 262 18.803360
890 89 18.890779
575 587 18.915668
460 580 18.930458
576 854 18.931898
642 732 18.955273
129 264 18.955517
369 520 18.962046
681 851 18.985811
967 80 19.005436
388 608 19.018826
571 881 19.056719
268 275 19.061312
578 959 19.064657
169 235 19.134733
154 290 19.136633
811 167 19.156885
300 561 19.169981
286 505 19.240318
461 856 19.246214
287 670 19.254391
322 390 19.343328
919 280 19.344940
43 327 19.379805
268 691 19.382908
773 941 19.536228
766 858 19.569710
342 756 19.642929
646 119 19.675125
664 677 19.724606
401 472 19.753565
882 303 19.755600
944 284 19.806902
951 255 19.809366
135 479 19.818615
261 284 19.852114
37 409 19.885141
593 815 19.885292
778 903 19.914896
599 38 19.938143
885 2 19.962261
71 196 20.001469
157 452 20.001936
243 263 20.002956
377 792 20.102362
881 192 20.112883
785 870 20.148838
664 118 20.277344
227 310 20.281019
571 835 20.323080
308 591 20.374910
137 142 20.416626
369 539 20.428886
634 753 20.467592
734 807 20.468061
464 556 20.494421
403 842 20.505589
915 188 20.534359
164 594 20.549911
406 880 20.550024
378 561 20.583027
748 91 20.615528
422 661 20.736435
495 662 20.869520
117 508 20.870489
784 922 20.882130
887 63 20.897570
192 435 20.911266
311 690 20.913715
179 653 20.919296
165 234 20.954479
379 605 20.965599
958 396 20.996037
450 916 21.016594
368 658 21.024866
389 857 21.033104
867 266 21.060911
963 14 21.062979
815 316 21.063526
692 779 21.081955
114 228 21.089497
784 266 21.128693
978 24 21.186014
390 778 21.265078
821 137 21.302412
743 131 21.304201
285 521 21.345091
617 785 21.372787
359 750 21.410213
903 34 21.418259
465 940 21.619690
833 294 21.695999
496 749 21.748503
106 569 21.762953
715 114 21.787199
43 65 21.811714
729 69 21.835220
227 394 21.867277
89 461 21.874727
496 735 21.881264
395 458 21.882366
962 82 21.910648
853 200 21.922894
50 220 21.962759
7 326 22.033703
147 199 22.084269
471 809 22.223898
529 959 22.235420
552 726 22.264103
299 344 22.312662
791 75 22.345835
562 826 22.346357
917 248 22.360680
219 364 22.393950
773 854 22.395779
491 574 22.486080
150 201 22.507229
191 658 22.583855
736 801 22.589321
669 66 22.612183
712 73 22.650208
697 11 22.668089
305 674 22.744953
423 481 22.759575
261 682 22.780235
596 642 22.786489
888 345 22.820005
745 255 22.906733
697 36 22.949409
646 684 23.056379
550 46 23.062031
895 373 23.070673
209 309 23.070673
143 614 23.136532
666 783 23.175751
608 68 23.267588
694 697 23.296909
360 623 23.380342
70 150 23.389423
908 255 23.478491
409 527 23.537153
480 648 23.571032
429 906 23.613644
895 392 23.670170
628 911 23.677103
205 275 23.729708
340 748 23.782913
352 735 23.863686
297 414 23.901255
310 706 23.933210
256 533 23.949051
62 544 23.974201
851 197 24.057959
946 308 24.112762
909 265 24.192116
166 187 24.192318
869 203 24.192621
678 781 24.223190
555 14 24.369497
713 849 24.387350
138 182 24.434555
655 857 24.469675
811 907 24.469984
44 539 24.509256
62 301 24.523773
911 311 24.526445
633 899 24.526854
931 427 24.595509
314 506 24.617460
401 576 24.656115
853 883 24.710554
374 734 24.721603
744 830 24.741219
871 887 24.858778
65 72 25.009058
608 978 25.094919
341 411 25.153854
639 818 25.167383
549 567 25.167681
862 94 25.172722
679 35 25.283146
110 152 25.344994
487 716 25.354034
839 96 25.411865
454 785 25.486935
777 823 25.489861
237 277 25.496988
628 905 25.534777
96 215 25.534794
67 321 25.556580
616 5 25.569035
706 110 25.593260
342 715 25.714207
543 801 25.752211
215 489 25.773956
288 700 25.809732
133 577 25.834776
266 449 25.857389
458 527 25.873960
626 758 25.945772
342 662 25.970984
101 531 26.117599
238 499 26.212690
459 573 26.395071
715 49 26.462875
67 150 26.483067
737 193 26.715673
405 516 26.970137
638 812 27.069038
14 262 27.431896
885 949 27.469015
685 52 27.778732
263 448 27.825544
537 626 27.958889
94 332 28.114847
837 282 28.175871
552 873 28.536980
182 208 28.579063
497 771 28.614771
462 876 29.196711
100 164 29.200439
108 482 30.595791
949 952 30.837038
862 357 31.301039
880 37 31.553118
672 706 31.805098
726 853 31.817387
850 852 32.199070
241 708 32.837891
184 257 33.301502
374 516 33.448837
873 45 38.016224