106512.259566
704 705 0.000000
671 673 0.000000
675 678 0.000000
676 679 0.000000
677 680 0.000000
688 689 0.000000
691 693 0.000000
95 96 0.000000
692 694 0.000000
695 696 0.000000
92 93 0.000000
667 672 0.000000
709 710 0.000000
711 712 0.000000
711 713 0.000000
716 717 0.000000
719 720 0.000000
719 723 0.000000
83 84 0.000000
726 727 0.000000
618 619 0.000000
591 592 0.000000
593 595 0.000000
604 605 0.000000
113 115 0.000000
112 116 0.000000
111 115 0.000000
616 618 0.000000
616 620 0.000000
728 733 0.000000
621 622 0.000000
108 109 0.000000
630 633 0.000000
644 647 0.000000
659 660 0.000000
663 665 0.000000
666 671 0.000000
846 847 0.000000
827 829 0.000000
828 829 0.000000
830 834 0.000000
831 832 0.000000
54 58 0.000000
831 833 0.000000
839 841 0.000000
845 846 0.000000
51 52 0.000000
860 861 0.000000
866 870 0.000000
874 875 0.000000
877 879 0.000000
43 47 0.000000
883 887 0.000000
41 42 0.000000
901 903 0.000000
912 913 0.000000
788 789 0.000000
729 730 0.000000
77 80 0.000000
754 755 0.000000
756 757 0.000000
760 761 0.000000
760 762 0.000000
75 76 0.000000
73 78 0.000000
766 769 0.000000
586 590 0.000000
788 790 0.000000
794 796 0.000000
64 65 0.000000
803 804 0.000000
813 814 0.000000
817 819 0.000000
823 826 0.000000
824 825 0.000000
335 337 0.000000
180 183 0.000000
327 329 0.000000
180 181 0.000000
328 330 0.000000
333 334 0.000000
333 335 0.000000
176 178 0.000000
342 344 0.000000
343 345 0.000000
171 172 0.000000
361 362 0.000000
168 169 0.000000
166 170 0.000000
378 379 0.000000
380 381 0.000000
384 385 0.000000
386 387 0.000000
203 204 0.000000
208 211 0.000000
209 210 0.000000
212 213 0.000000
217 218 0.000000
220 221 0.000000
225 226 0.000000
204 205 0.000000
230 231 0.000000
230 233 0.000000
163 165 0.000000
236 237 0.000000
302 304 0.000000
310 312 0.000000
317 318 0.000000
319 320 0.000000
319 321 0.000000
324 325 0.000000
564 565 0.000000
138 139 0.000000
137 140 0.000000
504 508 0.000000
512 515 0.000000
521 523 0.000000
524 526 0.000000
554 555 0.000000
558 562 0.000000
558 563 0.000000
498 499 0.000000
566 567 0.000000
124 125 0.000000
572 573 0.000000
121 122 0.000000
578 579 0.000000
578 583 0.000000
581 582 0.000000
585 586 0.000000
462 463 0.000000
402 404 0.000000
160 161 0.000000
416 417 0.000000
419 420 0.000000
156 158 0.000000
423 424 0.000000
426 430 0.000000
433 434 0.000000
436 438 0.000000
152 154 0.000000
0 1 0.000000
467 468 0.000000
477 479 0.000000
145 146 0.000000
483 485 0.000000
484 486 0.000000
488 489 0.000000
492 493 0.000000
492 494 0.000000
19 20 0.000000
13 15 0.000000
17 22 0.000000
18 23 0.000000
31 32 0.000000
8 11 0.000000
7 9 0.000000
455 456 6.413193
771 772 6.413193
932 933 6.784064
437 441 6.963074
289 291 7.221905
607 612 8.434674
969 970 8.717126
716 718 8.877058
412 413 10.184898
593 594 10.569304
889 893 11.248422
219 224 11.455830
751 752 12.403532
353 355 12.885733
403 407 13.899744
877 878 14.385884
863 865 14.571708
267 271 16.148771
186 190 16.562962
244 245 16.650204
790 795 17.052616
514 517 17.518652
128 130 17.643318
519 524 18.665047
582 587 18.915668
79 80 19.005436
638 640 19.189009
478 479 19.818615
319 324 19.919579
85 89 19.957331
920 924 20.102362
140 142 20.416626
2 6 20.643528
978 979 21.186014
246 247 21.345091
292 293 21.524424
528 529 22.235420
923 924 22.362837
924 926 22.706543
387 391 22.904457
782 784 23.115921
942 943 23.190079
692 697 23.296909
302 307 23.806831
252 256 23.949051
533 535 23.949051
670 673 25.282778
968 969 26.834898
39 40 27.251987
971 975 27.550478
490 491 27.700069
927 928 28.332720
934 935 28.334959
32 37 28.381346
294 299 28.449244
964 966 28.854330
358 362 28.937841
970 972 28.969383
739 740 28.969383
942 944 29.168135
958 961 29.897264
27 28 30.277344
417 418 30.401503
690 694 30.777411
62 63 30.811733
949 952 30.837038
684 685 30.838243
592 593 31.333399
222 227 31.954809
850 852 32.199070
918 923 33.333202
633 636 33.333202
649 652 33.333202
923 925 33.333202
977 978 33.738697
948 949 34.472397
518 519 34.516949
99 101 34.736534
201 202 34.999020
364 368 35.048344
634 635 35.074757
539 540 35.746761
189 191 35.789528
277 278 35.804668
313 316 35.853691
308 313 35.853691
84 88 36.215778
972 975 36.328449
750 755 36.720814
178 183 37.349380
888 893 37.526951
67 70 37.776653
276 279 37.782207
202 203 38.083694
973 974 38.327847
491 496 38.685482
696 698 40.444019
507 510 40.569912
284 289 40.764156
560 561 41.134354
549 551 41.157803
778 781 41.579048
14 18 41.681374
856 858 41.703754
268 270 41.703869
434 439 41.842678
955 958 42.060795
446 448 42.562801
819 824 42.743904
741 742 43.389313
810 812 44.194767
172 173 44.406624
953 956 44.406624
487 490 44.753712
842 844 45.138527
957 958 45.863693
599 601 45.940968
608 610 46.168373
423 426 46.179882
38 40 47.139645
262 267 47.502262
8 12 48.210804
343 347 48.699158
406 409 48.876999
929 930 49.323952
302 303 49.801968
570 575 49.892761
307 309 50.017044
88 92 50.158001
123 126 50.196442
948 950 50.321960
774 777 50.647831
956 957 50.932850
184 185 51.220222
325 330 51.702602
927 929 52.446671
821 824 52.517342
360 365 52.703804
545 549 52.976681
127 132 53.450111
270 275 53.771042
416 419 53.906517
235 238 54.059303
447 450 54.725849
129 132 54.864231
642 646 55.031940
967 971 55.573238
706 707 56.526138
322 327 56.741245
274 279 57.265575
102 104 57.832623
691 695 58.247700
854 855 58.418953
198 199 58.423580
965 970 59.037144
70 75 59.037579
951 954 59.072998
921 922 59.180367
783 786 59.721680
35 36 59.758522
187 192 59.885944
674 676 59.985115
638 639 60.000641
976 977 60.028919
269 271 60.149208
935 937 60.392586
479 480 60.454933
192 197 60.472515
790 794 60.822990
107 110 61.757702
961 962 61.791832
865 868 61.864307
965 966 62.244415
941 944 62.427486
962 963 62.673031
681 684 63.618744
382 385 63.858051
71 73 65.016449
881 885 65.218109
253 254 65.564888
195 196 65.809937
471 475 65.838753
285 287 66.688126
363 367 66.965599
715 720 67.106232
529 533 67.185730
615 620 67.334099
673 677 67.775299
715 718 67.802620
456 459 67.932671
641 645 68.840065
785 790 68.956192
660 661 69.738770
944 945 69.929482
20 23 70.134300
963 967 70.283813
939 941 70.803795
540 542 71.047897
639 644 71.542290
853 856 71.893341
371 375 72.457863
439 441 72.495247
608 613 72.946114
489 490 73.072670
812 817 73.394897
349 352 73.701714
33 34 73.944122
905 910 74.278442
267 272 74.426628
731 735 74.449478
735 737 74.449478
762 766 74.533127
188 191 74.611450
861 862 74.934624
60 64 75.092445
250 255 75.319923
947 950 75.563637
94 98 75.734596
289 292 76.667496
245 246 76.963829
103 107 77.014610
393 398 77.045006
398 399 77.890709
40 44 78.005722
212 216 78.127296
114 118 78.138603
700 702 78.210266
189 194 78.271568
699 701 78.630043
895 899 78.849937
228 233 78.865494
929 931 78.870422
46 49 79.048813
669 670 79.447929
629 634 79.590782
363 368 80.307747
228 229 80.449509
344 348 80.555344
48 49 80.954720
893 894 81.121048
698 700 81.203545
474 477 81.599403
361 364 81.664589
797 802 81.725670
132 133 82.575325
651 653 82.736061
546 548 82.794128
265 268 82.905540
144 149 82.945374
509 510 83.246910
250 252 83.333496
772 774 83.538795
381 386 83.990067
662 664 84.968048
452 457 84.975494
394 398 85.246620
513 518 85.310776
15 18 85.402718
139 143 85.450424
583 588 85.837044
959 961 85.842255
337 342 86.139114
862 867 86.459923
764 765 86.924660
653 655 86.961433
168 172 87.133972
664 666 87.286400
871 873 87.524193
79 82 87.542793
744 749 87.704002
405 408 88.142632
612 616 88.324387
940 943 88.490829
601 606 88.600227
269 273 88.639618
551 555 88.810249
82 83 88.927094
534 536 89.025566
945 948 89.288673
780 783 89.650772
736 739 89.757713
282 286 90.181648
368 371 90.309166
16 17 90.329773
389 393 90.565338
931 934 90.775055
174 179 90.949272
354 357 90.970711
330 334 91.017448
563 568 91.232590
356 359 91.444290
876 881 91.471451
516 517 91.950615
68 72 91.954811
947 951 92.142555
747 748 92.237267
116 120 93.203529
556 558 93.303558
805 809 93.419159
400 402 93.741539
681 682 93.749496
592 597 93.766052
523 528 93.920952
511 516 94.137733
392 394 94.145409
348 353 94.347939
508 513 94.740601
573 575 94.958481
338 340 95.485779
391 393 95.747993
904 905 95.923271
452 456 96.009872
428 433 96.130051
626 630 96.344559
64 68 96.375809
481 483 96.441750
448 452 96.531311
624 626 96.538925
625 629 96.580238
873 876 96.770714
24 25 96.992348
373 376 97.182671
906 909 97.422852
791 793 97.724052
444 447 97.809792
707 710 98.223740
431 435 98.314064
214 219 98.579269
551 556 98.665756
737 738 98.778763
926 928 99.138916
66 67 99.463226
686 688 100.850876
131 134 101.034225
467 469 101.201736
500 504 101.215157
302 306 101.616348
627 628 102.115448
294 297 102.131012
352 355 102.159981
801 802 102.397736
938 940 103.819565
656 661 104.462936
831 834 104.676559
835 836 105.044724
761 765 105.146851
776 777 105.317505
273 274 105.409309
263 268 106.460152
857 862 106.497650
532 535 106.586731
443 446 106.667542
776 780 106.684601
632 634 106.719681
56 60 106.751366
846 848 106.955765
840 845 106.955765
464 469 107.173668
322 324 107.244087
301 306 107.277298
897 902 107.877556
818 819 108.028694
910 911 108.292572
637 641 108.434074
932 934 108.491524
315 320 108.841873
127 128 109.252129
427 432 110.509415
148 151 110.583084
713 718 110.604721
946 949 110.811882
216 217 110.991028
972 974 111.632568
851 853 112.067978
725 729 112.119919
374 378 112.196877
22 26 112.244301
420 423 112.559860
922 927 112.834969
742 747 112.901245
881 883 113.020416
835 838 113.227142
800 805 113.438232
50 55 113.480583
600 602 113.553108
460 462 114.002792
497 502 114.065460
183 187 114.798294
912 914 115.274620
350 352 115.948013
3 8 116.515030
872 875 116.679871
623 627 116.871887
541 545 117.052193
765 768 117.334488
783 787 117.442497
960 964 117.814362
10 11 117.852737
687 692 118.390579
552 557 118.440285
141 144 119.062225
174 175 119.077385
107 111 119.719070
179 182 119.771568
900 903 120.132225
156 157 120.157349
388 390 120.239250
450 451 121.083046
249 250 121.336464
602 607 121.452911
197 200 122.171837
149 150 122.576164
495 496 122.666176
426 427 123.180969
407 411 123.286140
732 735 123.291214
800 803 123.432304
828 831 123.434586
71 72 123.443565
295 297 123.968224
611 612 125.124001
522 523 125.863869
627 632 126.139969
933 936 126.398598
891 894 126.929405
576 580 126.967552
494 499 126.988548
778 783 127.535477
347 351 127.722069
501 505 128.353104
145 147 128.354050
770 771 128.716934
833 837 128.914886
193 194 129.101395
907 908 129.268906
117 120 129.780533
889 892 129.874985
650 651 130.134659
25 27 130.170929
78 80 130.199280
121 123 130.204010
275 276 130.388474
739 744 130.823792
293 298 131.229111
500 502 132.665253
538 543 133.286285
165 167 133.369995
281 285 133.545578
550 555 133.653748
571 576 133.685089
851 855 133.836807
41 43 133.992111
159 162 134.170517
574 579 134.205399
401 405 135.925171
125 130 135.947723
870 873 136.140976
526 530 136.562973
577 580 136.635864
809 814 136.748276
3 7 136.969559
179 183 137.397385
288 290 137.435623
798 803 137.753357
887 890 138.285202
438 442 139.929153
598 602 140.536133
496 501 140.652939
422 427 140.794128
238 242 141.366699
657 660 141.504013
531 536 141.833374
979 4 141.942490
45 50 142.050095
395 400 142.736130
6 7 142.795639
792 796 142.956436
193 196 143.131943
303 305 144.062805
522 525 144.244995
804 808 144.290054
846 851 144.353088
133 138 144.457047
280 284 144.512024
465 466 144.590744
744 746 145.105621
107 112 145.202560
347 349 145.210785
900 902 145.374374
896 897 145.414017
668 671 145.641876
678 681 145.862778
331 332 145.940826
518 520 146.396667
440 445 146.399841
460 465 146.471359
133 134 146.599991
119 120 146.646942
298 302 146.691574
527 532 147.666672
36 40 147.776428
862 863 147.837280
825 830 148.062164
28 33 148.269287
654 657 148.344513
425 427 148.567581
562 566 148.785675
207 212 148.924164
261 264 148.949631
227 232 149.072784
826 830 149.151596
63 68 149.344376
544 547 149.846542
579 584 150.151993
719 721 150.245346
577 581 150.569122
575 577 150.569122
26 29 150.848404
547 552 151.135345
427 431 151.365250
404 409 152.058701
916 917 153.583832
105 109 153.630692
365 367 153.658783
19 21 153.665787
679 682 153.734177
631 635 153.746323
47 49 154.056931
482 483 155.062637
279 283 155.282471
470 475 155.307404
232 234 155.498825
641 643 155.837479
223 228 156.009735
424 429 156.186417
626 631 156.213745
822 823 156.233673
836 840 156.253967
241 244 156.744446
138 141 157.095078
867 872 157.104660
735 739 157.744812
314 315 158.173965
152 156 158.357986
893 897 158.670792
242 243 158.835861
382 383 158.993820
755 760 159.269699
91 94 159.492126
52 56 159.537231
258 261 159.595367
910 914 159.629471
682 687 159.707199
300 301 159.729279
890 891 159.752441
651 656 160.338959
442 446 160.422226
566 570 160.624786
658 661 161.180038
722 725 161.236191
541 543 161.846786
620 624 162.658707
813 815 163.002716
719 724 163.460114
101 105 163.912491
727 732 163.946335
126 131 164.347214
20 24 164.802551
57 58 165.282715
536 541 165.522614
798 801 166.018204
469 473 166.140167
372 377 166.665619
565 569 166.668625
101 103 166.691925
251 254 166.800858
211 216 166.817307
569 571 167.111603
839 844 167.167053
408 411 167.730972
908 912 167.945358
30 31 168.672028
85 90 168.907822
322 323 168.919968
811 816 169.196579
98 103 169.337982
421 424 169.412201
41 45 169.423309
749 753 169.988388
396 397 171.547104
531 533 171.593674
884 889 172.442307
263 266 172.691345
411 414 173.225204
599 600 173.370331
338 341 173.515228
447 452 174.614136
359 360 174.899918
224 226 175.683807
392 397 176.459488
553 558 176.511337
209 212 176.846390
219 223 176.898254
285 288 177.959335
859 864 178.484818
443 445 178.502045
309 314 178.638580
448 449 179.206253
501 503 179.305725
670 675 179.335480
733 738 179.363403
372 374 179.505814
954 959 180.070618
365 370 180.277557
22 27 180.277557
177 182 180.570038
806 809 180.780121
90 95 181.046097
859 863 181.322540
868 871 181.387238
903 908 181.404831
702 707 181.412964
330 331 181.643723
59 61 182.375809
231 234 182.613083
286 287 182.764282
357 360 183.169113
439 444 183.451431
259 262 183.832565
460 461 183.927734
411 415 185.096283
509 512 185.172028
799 804 185.246994
239 243 185.433701
335 336 185.720169
864 869 185.854660
915 920 186.340240
50 51 186.629501
503 506 187.414200
584 587 187.708054
502 507 187.710739
201 206 187.739441
275 278 187.787415
907 909 187.959442
875 878 187.964691
459 464 188.058411
396 400 188.974716
881 882 189.299438
370 372 190.027985
146 148 190.263763
765 770 190.723663
475 476 191.688950
431 436 192.149338
182 186 192.505493
399 403 192.838135
205 210 192.873062
317 319 193.022827
339 341 193.955490
151 155 194.018951
256 257 194.113525
514 519 195.450485
701 706 196.131134
388 391 196.587234
610 611 197.022858
725 728 198.014496
2 4 198.059036
834 839 198.196060
59 62 198.441818
697 701 198.853012
745 749 198.965576
170 174 199.004745
87 91 199.037094
217 219 199.713684
263 264 199.926193
81 86 200.063568
295 296 200.739517
809 811 200.865997
251 252 201.177658
371 373 201.382980
791 792 201.561020
11 16 201.618698
881 886 201.925827
88 90 203.253204
764 767 203.286728
276 281 204.008575
341 346 204.413010
560 565 204.778152
645 650 204.983978
109 114 205.122482
661 665 205.302841
120 123 205.924149
548 553 206.155289
745 750 206.421875
858 863 206.791763
492 497 206.968048
365 366 207.393509
167 169 207.621277
892 895 208.233856
703 708 208.694122
808 810 208.812195
526 531 209.406860
743 747 209.501511
643 646 209.764038
307 310 210.570892
290 293 210.887955
149 153 211.183258
98 102 211.192841
254 259 211.597534
536 537 211.597534
787 791 211.604843
555 559 211.978378
491 494 212.756027
542 547 212.887024
471 472 213.930038
136 140 213.981613
773 775 214.883942
133 136 216.066727
660 664 216.089066
248 249 216.360443
596 598 216.754364
796 799 216.841995
369 372 217.305817
188 190 217.330322
759 764 218.427795
210 215 219.470200
770 773 219.587601
699 703 220.376358
748 750 221.342072
557 562 221.892853
64 67 221.922287
349 354 222.180817
30 34 222.265442
141 146 222.379196
51 53 224.007050
49 54 224.330658
914 919 224.334396
257 260 224.892075
910 915 225.222336
842 847 225.517075
237 242 226.820084
377 380 227.989944
197 198 228.139679
841 843 228.236328
613 617 228.792480
935 940 229.581024
336 339 229.828659
450 453 230.056519
585 588 230.316528
779 782 230.629410
652 655 231.391663
596 597 231.851120
231 235 234.660355
458 461 236.041443
817 820 236.096939
473 475 236.369080
157 162 236.780502
306 311 237.252304
95 97 237.598648
155 160 240.395828
162 163 240.812637
216 221 240.925293
165 166 241.098999
757 762 241.768066
635 640 242.538651
164 166 242.605362
385 390 242.871628
413 417 243.625443
297 301 244.274551
632 637 246.081451
239 244 246.831848
415 420 247.017746
589 591 248.413681
150 152 248.639923
135 136 251.551224
33 38 251.907394
466 471 252.369843
86 91 252.709335
806 807 253.015259
470 474 255.587067
39 41 255.972672
313 314 256.278076
973 978 258.565033
601 605 258.736572
476 481 259.126556
758 759 260.693878
453 454 262.552094
588 589 262.848907
410 413 264.454651
245 250 266.801819
100 102 267.441956
603 608 268.711945
763 766 271.794830
915 916 272.390625
777 782 273.019897
196 201 273.641357
752 753 275.224304
609 610 276.034210
724 728 277.347382
485 490 277.870178
69 70 280.387177
74 75 282.233765
686 691 284.776306
95 98 293.576569
844 849 296.677460
486 489 298.394409
323 326 299.756866
672 674 305.295013
185 189 313.431366
612 614 315.584045
622 625 317.327454
732 734 329.016388
104 106 329.339020
644 648 330.824738
710 714 335.487915
849 850 337.571991
240 242 339.442810
682 683 345.682129
1 4 346.016479
1 5 350.370605
898 901 363.628540
702 705 376.168457
880 883 387.086395