31922.482623
0 1 0.000000
1 29 68.214035
29 69 0.000000
69 110 68.214035
110 152 25.344994
152 154 0.000000
131 154 44.076405
107 131 10.613800
154 177 72.519096
177 190 15.555176
186 190 16.562962
190 236 41.478279
236 237 0.000000
237 277 25.496988
253 277 22.706543
237 278 31.104002
254 278 10.015427
278 290 23.070673
290 310 64.458145
310 312 0.000000
266 312 71.863831
222 266 38.107761
222 227 31.954809
208 227 15.638780
208 211 0.000000
182 211 28.579063
138 182 24.434555
138 139 0.000000
94 139 44.625168
94 112 32.002098
112 116 0.000000
103 139 51.245007
103 143 34.318687
143 160 49.867584
160 161 0.000000
98 116 52.615353
59 98 22.896208
16 59 34.732658
16 39 0.000000
39 53 0.000000
40 53 27.251987
98 141 40.830063
120 141 0.000000
141 175 31.333694
175 217 24.862026
217 218 0.000000
175 225 29.092127
225 226 0.000000
226 234 0.000000
133 175 31.821880
175 210 32.405659
209 210 0.000000
163 209 39.184261
163 165 0.000000
234 255 42.014633
255 264 25.946751
144 165 43.957867
120 132 46.502689
38 40 47.139645
127 132 53.450111
129 132 54.864231
104 129 34.663708
104 119 27.657383
102 119 32.439026
89 119 44.615105
85 89 19.957331
60 89 30.745584
24 60 21.186014
979 24 0.000000
978 979 21.186014
977 978 33.738697
960 977 29.959671
60 68 36.247948
979 43 40.564415
43 47 0.000000
47 64 21.811714
64 65 0.000000
65 72 25.009058
60 95 40.972092
95 96 0.000000
42 89 45.405987
41 42 0.000000
976 41 14.596938
954 960 51.387470
960 25 56.395237
25 56 22.117825
33 56 38.137562
34 56 43.250854
954 4 59.072998
951 4 0.000000
908 951 40.621666
865 908 43.932079
863 865 14.571708
842 865 55.740654
842 868 32.720993
844 868 13.519810
803 842 55.257420
803 804 0.000000
804 823 0.000000
823 826 0.000000
777 826 25.489861
777 791 20.820635
791 811 34.967918
774 777 50.647831
800 811 54.321453
793 800 32.542572
771 800 60.033470
771 772 6.413193
743 772 55.558487
725 743 37.655670
707 725 51.820007
706 707 56.526138
683 706 26.442381
667 706 31.805098
667 672 0.000000
683 729 54.038460
729 730 0.000000
41 51 60.092613
51 52 0.000000
52 62 46.000145
62 63 30.811733
87 103 61.891972
234 274 63.717491
250 274 0.000000
250 279 57.265575
279 295 0.000000
256 295 13.869294
252 256 23.949051
252 276 0.000000
276 324 9.183508
324 325 0.000000
276 319 15.159100
319 320 0.000000
320 321 0.000000
325 328 51.702602
328 330 0.000000
287 330 35.962696
269 287 55.739887
230 269 37.210869
230 231 0.000000
231 233 0.000000
193 233 11.947556
149 193 40.236206
136 149 43.734802
228 269 57.899372
269 271 60.149208
267 271 16.148771
262 267 47.502262
223 262 28.952755
206 223 0.000000
223 272 54.199627
248 272 17.933294
295 322 63.051231
273 322 41.832920
249 273 16.667969
322 329 56.741245
327 329 0.000000
327 352 0.000000
297 327 23.389957
352 390 41.416897
390 414 44.000069
414 444 21.634914
444 488 41.111790
488 489 0.000000
349 390 50.932659
444 470 51.387470
422 470 60.031494
407 422 33.752987
403 407 13.899744
257 297 61.357224
215 257 46.530937
229 257 55.556217
185 229 43.751492
185 196 46.152344
184 229 46.353546
196 240 57.690952
195 240 42.182236
159 195 0.000000
153 159 29.320200
240 282 45.402374
260 282 12.052713
334 349 63.947571
333 334 0.000000
333 337 0.000000
335 337 0.000000
162 206 64.043137
262 285 64.045013
285 317 54.966553
317 318 0.000000
318 351 60.000641
318 336 60.092339
336 375 12.174096
336 358 16.667969
296 336 28.900839
265 296 0.000000
358 361 28.937841
361 362 0.000000
362 412 10.184898
412 413 10.184898
375 385 37.520992
384 385 0.000000
384 429 23.977562
371 413 40.762318
371 397 12.250146
259 265 43.009537
259 281 12.403532
235 259 15.327331
251 281 32.774624
242 265 46.963955
203 242 22.835533
203 204 0.000000
204 205 0.000000
202 242 25.752649
189 202 9.462131
189 224 11.400269
219 224 11.455830
201 219 15.378655
242 275 29.651552
268 275 19.061312
189 191 35.789528
157 191 37.843475
126 157 23.777027
111 157 32.392258
111 113 0.000000
113 115 0.000000
115 134 24.751505
99 134 32.352245
99 123 27.628613
99 101 34.736534
157 188 38.667694
167 188 0.000000
268 270 41.703869
270 288 16.473331
150 189 42.438332
75 115 46.169376
75 76 0.000000
336 364 52.303318
364 368 35.048344
384 421 53.119038
421 469 36.113064
451 469 26.927685
382 421 40.765942
382 396 13.345029
343 382 23.221165
343 345 0.000000
347 382 27.675407
235 238 54.059303
469 512 54.503887
512 515 0.000000
515 549 0.000000
549 566 25.167681
566 567 0.000000
521 567 35.523193
521 523 0.000000
523 545 0.000000
549 551 41.157803
545 584 42.850735
584 607 12.174096
607 612 8.434674
528 549 43.605885
528 578 19.064657
578 579 0.000000
579 583 0.000000
583 611 19.064657
528 529 22.235420
607 640 45.517742
638 640 19.189009
615 638 38.454979
615 644 36.475418
644 647 0.000000
647 668 17.656206
485 523 49.222839
483 485 0.000000
457 483 42.492908
457 492 39.947395
492 493 0.000000
493 494 0.000000
464 494 31.978445
457 473 42.376816
473 481 16.104708
481 509 34.710583
509 531 19.345074
531 546 33.927696
424 473 38.758797
423 424 0.000000
546 587 39.254200
575 587 18.915668
575 581 0.000000
581 582 0.000000
510 546 42.226311
510 537 36.618462
507 537 24.971642
507 548 0.000000
546 572 44.370689
572 573 0.000000
570 587 46.168861
570 598 41.932941
558 598 36.120522
558 562 0.000000
562 563 0.000000
598 625 42.121170
423 430 46.179882
426 430 0.000000
426 442 41.074615
442 459 15.064188
426 456 42.888859
455 456 6.413193
455 497 28.614771
448 455 50.689091
427 448 37.424541
427 446 30.216579
615 639 50.932850
616 639 34.663227
616 618 0.000000
618 619 0.000000
619 620 0.000000
640 669 52.055424
669 695 45.216793
695 696 0.000000
696 698 40.444019
698 728 41.072887
728 733 0.000000
733 752 35.199478
751 752 12.403532
582 600 52.463917
600 626 53.291225
420 459 54.451725
419 420 0.000000
392 419 32.683468
392 416 35.982155
416 417 0.000000
410 417 28.536657
376 410 15.022408
376 418 0.000000
373 392 46.674477
373 394 47.858334
700 733 55.235249
691 700 55.390835
691 693 0.000000
693 702 33.021732
658 702 56.939655
556 567 57.269012
533 556 49.755371
533 535 23.949051
70 76 59.037579
67 70 37.776653
535 568 59.714001
625 635 60.392586
634 635 35.074757
634 659 33.269569
659 660 0.000000
660 675 20.200048
675 678 0.000000
635 661 36.825455
642 678 55.177197
596 642 22.786489
596 613 32.252121
613 646 0.000000
646 684 23.056379
684 685 30.838243
557 596 41.636505
608 642 43.649712
608 657 27.176262
608 610 46.168373
656 684 52.526443
656 681 11.144457
632 681 27.059326
623 632 16.398073
589 632 38.288986
580 589 43.227360
574 610 54.470245
532 574 37.355385
491 532 15.254954
491 503 0.000000
490 503 27.700069
490 496 21.881264
487 496 38.397320
574 588 49.647930
571 589 55.584633
530 571 53.593754
629 660 57.511177
194 219 61.563267
194 214 59.647316
168 214 43.225517
168 169 0.000000
121 169 48.767544
121 122 0.000000
105 122 18.499252
57 105 16.667969
66 105 44.473034
450 491 61.916172
402 450 31.328573
402 404 0.000000
428 450 40.607227
447 450 54.725849
404 437 57.928665
437 441 6.963074
400 441 51.534225
383 400 37.470364
400 439 55.477985
433 439 41.842678
433 434 0.000000
434 474 28.994572
474 501 29.167973
480 501 19.777086
480 527 42.930435
527 559 30.828247
409 434 51.338245
395 409 27.183685
409 458 33.942005
395 406 36.403687
479 501 53.635010
477 479 0.000000
477 478 19.818615
559 603 57.427490
585 603 42.311634
585 586 0.000000
586 590 0.000000
590 609 34.625381
538 586 35.522934
609 648 40.175190
474 495 60.530453
446 475 62.261852
475 519 15.228025
519 524 18.665047
524 526 0.000000
518 526 15.853956
518 553 36.996929
553 599 32.766903
542 553 36.593105
553 601 37.268089
542 564 41.006191
564 565 0.000000
513 542 42.533524
465 513 27.449667
601 627 43.298847
627 643 9.841570
627 651 15.654455
500 513 43.903599
443 465 46.496590
399 443 22.966835
380 399 0.000000
380 381 0.000000
381 393 12.386574
393 415 0.000000
332 381 35.438683
303 332 36.883560
293 303 19.014311
292 293 21.524424
302 303 49.801968
302 304 0.000000
304 307 23.806831
307 309 50.017044
309 331 0.000000
315 331 21.878597
331 365 31.354685
365 391 17.502205
386 391 22.904457
386 387 0.000000
360 387 46.356998
323 360 45.341591
306 323 39.680389
323 341 49.892506
341 377 47.011978
399 432 53.593121
389 432 31.867035
389 425 27.183685
398 432 47.496712
369 389 48.343811
471 519 54.859940
431 471 33.374947
431 460 47.702709
411 431 49.805782
307 354 55.901699
339 354 19.055332
504 542 58.139462
504 508 0.000000
484 508 23.167934
484 486 0.000000
513 539 58.944927
539 540 35.746761
520 539 38.789349
123 158 63.236916
156 158 0.000000
643 682 63.345764
682 699 62.933346
793 822 64.380424
822 872 29.705038
872 882 7.821879
822 836 32.176311
809 836 49.169632
805 822 50.963226
765 805 62.364273
809 835 62.457447
835 851 34.501976
835 881 38.334389
881 912 33.188942
912 913 0.000000
913 948 28.464277
948 6 0.000000
2 6 20.643528
949 6 34.472397
949 952 30.837038
885 913 35.331211
876 885 35.685089
838 876 31.063293
813 838 24.778294
813 814 0.000000
788 814 13.793571
788 789 0.000000
789 790 0.000000
790 795 17.052616
838 870 29.298672
866 870 0.000000
855 866 10.956735
855 898 24.778294
898 945 11.634459
854 898 42.467915
913 950 44.169361
794 835 49.205017
794 796 0.000000
754 796 8.925674
754 755 0.000000
764 796 32.237286
750 796 34.239208
785 795 54.040565
767 785 50.405014
882 930 63.437305
929 930 49.323952
921 929 49.816578
874 921 48.790794
874 875 0.000000
840 875 9.566971
840 848 0.000000
857 875 34.144733
875 910 42.398769
910 940 0.000000
816 848 51.472141
770 816 43.345013
759 770 36.500824
722 759 18.584871
701 722 7.269937
921 938 51.739944
922 938 21.017632
927 929 52.446671
927 928 28.332720
857 867 60.891941
745 765 63.758480
745 753 40.003357
753 768 17.659298
768 781 56.608410
778 781 41.579048
778 808 0.000000
731 778 30.951149
724 731 0.000000
724 737 0.000000
781 799 50.568447
737 749 55.902309
735 749 37.537075
732 781 58.958546
732 760 27.522367
760 761 0.000000
761 762 0.000000
762 792 14.157796
718 749 63.756821
716 718 8.877058
716 717 0.000000
718 757 44.118637
756 757 0.000000
715 756 44.764942
686 715 22.668159
664 686 43.920845
664 677 19.724606
677 680 0.000000
756 802 48.611717
802 843 7.520773
763 802 27.888990
713 763 28.739532
711 713 0.000000
711 712 0.000000
802 837 36.673767
843 849 52.490459
740 763 52.893188
704 740 0.000000
704 705 0.000000
688 705 0.000000
688 689 0.000000
689 739 28.969383
719 739 8.717126
719 720 0.000000
720 723 0.000000
662 689 56.164318
723 746 57.948586
736 746 43.581512
736 786 37.143356
786 801 40.071682
801 827 33.820549
827 828 0.000000
828 829 0.000000
763 797 58.348289
783 786 59.721680
744 783 33.917519
783 830 56.550117
830 834 0.000000
849 896 60.995152
896 902 49.801861
783 819 61.813778
817 819 0.000000
780 817 29.575033
780 810 0.000000
810 825 23.017481
824 825 0.000000
824 864 31.002682
821 864 25.119514
864 888 31.002682
888 893 37.526951
889 893 11.248422
850 889 31.478127
812 850 31.478127
818 850 32.199070
818 852 0.000000
889 906 38.111794
906 955 7.480041
787 810 42.060795
955 958 42.060795
958 961 29.897264
957 958 45.863693
961 14 46.219296
963 14 21.062979
963 18 28.820215
18 23 0.000000
23 48 10.728773
962 14 46.827282
798 817 50.509720
776 798 42.906551
738 776 40.909290
956 957 50.932850
956 5 39.291210
953 5 22.779949
20 48 59.447575
19 20 0.000000
19 49 50.388226
49 97 51.285946
965 19 55.082001
965 970 59.037144
969 970 8.717126
968 969 26.834898
968 13 16.528252
13 15 0.000000
15 30 0.000000
971 30 27.337210
971 975 27.550478
970 972 28.969383
30 77 37.782242
77 80 0.000000
79 80 19.005436
967 30 41.740482
917 967 11.886962
897 917 11.886962
30 46 57.780544
46 73 56.671871
73 78 0.000000
894 906 60.248707
97 118 61.522720
965 966 62.244415
964 966 28.854330
936 955 62.862637
892 936 41.130421
869 892 40.587418
869 909 0.000000
884 909 41.553631
884 933 41.050304
932 933 6.784064
915 932 63.175579
915 934 54.808163
934 935 28.334959
907 934 46.552315
907 931 46.275158
935 937 60.392586
32 78 63.256485
31 32 0.000000
973 31 0.000000
973 37 28.381346
973 21 33.045387
973 974 38.327847
2 50 64.296516
50 86 45.816170
773 785 64.443184
773 806 53.159275
4 27 64.445312
27 28 30.277344
536 584 64.485840
498 536 47.893345
498 499 0.000000
499 534 44.280426
432 476 64.655991
449 476 37.557285
449 466 42.362804
530 544 64.731300
544 552 53.817768
71 78 65.016449
452 481 65.561234
436 452 48.120651
436 438 0.000000
797 820 65.894493
820 831 48.076286
831 832 0.000000
832 833 0.000000
139 174 66.072197
174 216 59.204731
216 232 33.333008
622 662 66.463387
621 622 0.000000
621 654 66.426651
747 770 67.113335
55 86 67.687103
7 55 12.102641
7 9 0.000000
946 9 0.000000
573 602 67.728966
602 624 0.000000
666 680 67.775299
666 671 0.000000
671 673 0.000000
670 673 25.282778
71 114 68.007355
444 461 68.007355
453 461 37.266781
461 506 58.058353
435 460 68.327225
849 880 68.595520
873 885 68.804306
873 883 62.682808
883 887 0.000000
853 887 24.710554
871 887 24.858778
856 871 59.940559
856 858 41.703754
856 890 54.944489
839 858 55.838257
839 841 0.000000
779 806 68.884865
741 779 41.929127
697 741 16.541300
650 697 16.541300
650 690 20.972719
692 697 23.296909
692 694 0.000000
679 697 38.055988
676 679 0.000000
637 676 15.519977
741 742 43.389313
628 650 46.465202
628 674 50.004555
742 748 52.753944
606 628 59.307655
606 653 60.908447
582 631 69.102036
377 388 69.133804
350 388 4.043820
350 370 29.357533
314 350 44.215908
283 314 42.400517
721 736 69.146584
908 914 69.172958
914 947 49.332363
435 462 69.256912
462 463 0.000000
445 463 62.334732
445 454 53.542412
454 472 47.181602
633 683 69.727623
630 633 0.000000
630 649 0.000000
636 649 33.333202
636 652 0.000000
842 891 69.900459
944 945 69.929482
942 944 29.168135
942 10 7.221905
943 10 20.171843
941 944 62.427486
904 941 37.223694
904 939 44.895565
939 8 38.414932
8 11 0.000000
11 35 27.243937
12 35 24.853008
11 36 32.841339
36 61 17.270084
61 81 17.288059
81 130 41.163799
128 130 17.643318
117 128 36.170044
117 155 35.231449
74 117 40.849503
886 904 45.380680
130 180 46.151497
180 181 0.000000
181 183 0.000000
176 183 37.349380
176 178 0.000000
178 207 15.568513
146 183 38.232986
145 146 0.000000
178 198 49.874149
128 166 54.099533
166 170 0.000000
170 187 24.192318
106 145 55.472088
106 124 51.656734
124 125 0.000000
125 147 40.975811
199 207 56.790104
91 130 57.545925
44 91 29.661167
187 192 59.885944
148 192 57.943043
192 197 60.472515
151 197 57.853878
187 212 61.150791
212 213 0.000000
213 261 8.208440
261 284 19.852114
284 298 19.806902
291 298 29.168135
289 291 7.221905
246 291 26.810745
246 247 21.345091
298 346 34.015003
305 346 15.736010
305 340 14.299434
298 338 42.111279
338 366 31.895962
338 372 53.185333
245 284 62.489426
244 245 16.650204
151 200 65.921188
685 726 70.046379
726 727 0.000000
916 965 70.155136
816 845 70.272820
845 846 0.000000
846 847 0.000000
747 782 70.282082
782 784 23.115921
221 244 70.732605
220 221 0.000000
220 258 26.665510
258 280 15.579933
258 300 62.976795
300 326 39.229298
308 326 46.142544
308 316 0.000000
313 316 35.853691
326 356 55.402725
356 405 16.665625
356 378 47.904835
378 379 0.000000
374 405 52.358761
374 408 65.932854
359 408 47.574146
363 397 70.815933
363 367 66.965599
90 136 71.420616
577 623 71.531227
959 23 71.961021
904 911 72.236008
905 911 34.722374
357 398 72.527069
743 758 72.712479
665 682 72.769127
663 665 0.000000
617 663 59.707783
617 641 29.840483
576 617 43.858910
569 576 35.591991
641 687 47.181602
687 703 0.000000
703 714 18.536245
605 641 68.840065
604 605 0.000000
604 645 0.000000
560 604 17.178297
561 604 26.530111
547 560 38.120762
517 547 55.180325
514 517 17.518652
516 561 68.427803
538 550 73.613106
505 550 8.332031
505 525 56.936436
525 543 0.000000
543 554 69.319725
554 555 0.000000
895 928 74.080894
895 920 35.680302
920 926 7.479134
920 924 20.102362
923 924 22.362837
899 923 24.526854
899 918 14.706141
918 925 0.000000
879 924 33.343388
877 879 0.000000
877 878 14.385884
861 895 74.080894
860 861 0.000000
762 766 74.533127
766 769 0.000000
891 903 74.536835
901 903 0.000000
440 472 74.666832
401 440 67.332924
547 597 74.769287
860 862 74.934624
311 340 75.166603
239 266 75.179474
140 162 75.660309
137 140 0.000000
137 142 20.416626
108 137 40.046806
108 109 0.000000
88 109 33.797722
54 88 12.100579
54 58 0.000000
58 83 27.613403
83 84 0.000000
84 93 14.015478
92 93 0.000000
82 109 34.491837
179 216 76.288116
348 383 76.748253
826 859 77.084106
561 592 77.488602
591 592 0.000000
591 593 31.333399
593 595 0.000000
594 595 10.569304
344 383 77.949142
342 344 0.000000
299 342 22.312662
294 299 28.449244
342 353 46.168701
353 355 12.885733
172 214 80.251213
171 172 0.000000
171 173 44.406624
710 747 80.985359
709 710 0.000000
6 45 81.089333
870 919 81.950615
475 502 82.477264
1 26 82.642273
522 555 83.569153
482 522 3.928034
467 482 3.928034
467 468 0.000000
522 541 20.114910
3 50 84.882156
135 153 86.788094
653 655 86.961433
614 655 68.196632
17 59 87.619232
17 22 0.000000
248 286 88.216599
708 750 89.964211
708 734 57.332935
734 775 20.468061
775 807 0.000000
807 815 35.490810
900 916 91.682266
301 341 94.089691
511 516 94.137733
243 270 94.935646
243 263 20.002956
55 100 103.738190
220 241 113.081123
148 164 145.405914