31922.482623
361 362 0.000000
689 705 0.000000
203 204 0.000000
203 205 0.000000
8 11 0.000000
691 693 0.000000
692 694 0.000000
695 696 0.000000
92 93 0.000000
704 705 0.000000
704 740 0.000000
206 223 0.000000
709 710 0.000000
711 712 0.000000
711 713 0.000000
208 211 0.000000
716 717 0.000000
7 9 0.000000
209 210 0.000000
719 720 0.000000
719 723 0.000000
386 387 0.000000
951 4 0.000000
402 404 0.000000
659 660 0.000000
663 665 0.000000
666 671 0.000000
666 673 0.000000
667 672 0.000000
393 415 0.000000
675 678 0.000000
676 679 0.000000
677 680 0.000000
212 213 0.000000
95 96 0.000000
384 385 0.000000
687 703 0.000000
688 689 0.000000
381 399 0.000000
380 399 0.000000
378 379 0.000000
376 418 0.000000
760 761 0.000000
324 325 0.000000
754 755 0.000000
31 32 0.000000
73 78 0.000000
877 879 0.000000
225 226 0.000000
320 321 0.000000
225 234 0.000000
319 321 0.000000
756 757 0.000000
75 76 0.000000
760 762 0.000000
317 318 0.000000
766 769 0.000000
874 875 0.000000
310 312 0.000000
775 807 0.000000
309 331 0.000000
308 316 0.000000
778 808 0.000000
64 65 0.000000
334 335 0.000000
343 345 0.000000
724 731 0.000000
342 344 0.000000
724 737 0.000000
726 727 0.000000
83 84 0.000000
728 733 0.000000
729 730 0.000000
883 887 0.000000
335 337 0.000000
108 109 0.000000
217 218 0.000000
333 337 0.000000
29 69 0.000000
329 352 0.000000
220 221 0.000000
328 330 0.000000
77 80 0.000000
327 352 0.000000
171 172 0.000000
523 545 0.000000
524 526 0.000000
525 543 0.000000
166 170 0.000000
18 23 0.000000
918 925 0.000000
167 188 0.000000
168 169 0.000000
467 468 0.000000
145 146 0.000000
462 463 0.000000
19 20 0.000000
477 479 0.000000
554 555 0.000000
138 139 0.000000
558 562 0.000000
558 563 0.000000
137 140 0.000000
564 565 0.000000
566 567 0.000000
572 573 0.000000
13 30 0.000000
575 581 0.000000
575 582 0.000000
15 30 0.000000
498 499 0.000000
156 158 0.000000
504 508 0.000000
159 195 0.000000
493 494 0.000000
160 161 0.000000
507 548 0.000000
492 494 0.000000
491 503 0.000000
488 489 0.000000
16 39 0.000000
578 579 0.000000
512 515 0.000000
512 549 0.000000
16 53 0.000000
484 486 0.000000
163 165 0.000000
483 485 0.000000
17 22 0.000000
152 154 0.000000
521 523 0.000000
419 420 0.000000
426 430 0.000000
616 618 0.000000
616 619 0.000000
616 620 0.000000
621 622 0.000000
946 7 0.000000
423 424 0.000000
630 633 0.000000
613 646 0.000000
630 649 0.000000
113 115 0.000000
112 116 0.000000
948 6 0.000000
416 417 0.000000
111 115 0.000000
636 652 0.000000
644 647 0.000000
901 903 0.000000
591 592 0.000000
176 178 0.000000
578 583 0.000000
912 913 0.000000
585 586 0.000000
585 590 0.000000
436 438 0.000000
180 181 0.000000
180 183 0.000000
0 1 0.000000
910 940 0.000000
433 434 0.000000
593 595 0.000000
124 125 0.000000
602 624 0.000000
604 605 0.000000
604 645 0.000000
121 122 0.000000
120 141 0.000000
830 834 0.000000
803 826 0.000000
804 823 0.000000
265 296 0.000000
54 58 0.000000
840 848 0.000000
43 47 0.000000
789 790 0.000000
839 841 0.000000
866 870 0.000000
832 833 0.000000
813 814 0.000000
831 833 0.000000
51 52 0.000000
804 826 0.000000
828 829 0.000000
827 829 0.000000
817 819 0.000000
302 304 0.000000
780 810 0.000000
818 852 0.000000
788 790 0.000000
973 32 0.000000
279 295 0.000000
824 825 0.000000
230 231 0.000000
252 276 0.000000
794 796 0.000000
979 24 0.000000
236 237 0.000000
250 274 0.000000
230 233 0.000000
845 846 0.000000
869 909 0.000000
845 847 0.000000
860 861 0.000000
41 42 0.000000
467 482 3.928034
482 522 3.928034
350 388 4.043820
455 456 6.413193
771 772 6.413193
932 933 6.784064
437 441 6.963074
942 10 7.221905
289 291 7.221905
701 722 7.269937
920 926 7.479134
906 955 7.480041
802 843 7.520773
872 882 7.821879
213 261 8.208440
505 550 8.332031
607 612 8.434674
969 970 8.717126
720 739 8.717126
717 718 8.877058
755 796 8.925674
276 324 9.183508
189 202 9.462131
848 874 9.566971
627 643 9.841570
254 278 10.015427
362 412 10.184898
412 413 10.184898
593 594 10.569304
107 131 10.613800
18 48 10.728773
855 870 10.956735
656 681 11.144457
889 893 11.248422
189 224 11.400269
219 224 11.455830
898 945 11.634459
897 917 11.886962
917 967 11.886962
193 230 11.947556
260 282 12.052713
54 88 12.100579
7 55 12.102641
584 607 12.174096
336 375 12.174096
371 397 12.250146
399 415 12.386574
751 752 12.403532
259 281 12.403532
353 355 12.885733
382 396 13.345029
844 868 13.519810
789 813 13.793571
256 295 13.869294
403 407 13.899744
83 93 14.015478
762 792 14.157796
305 340 14.299434
878 879 14.385884
863 865 14.571708
976 41 14.596938
899 925 14.706141
410 418 15.022408
442 459 15.064188
276 319 15.159100
475 519 15.228025
491 532 15.254954
235 259 15.327331
201 219 15.378655
637 679 15.519977
177 190 15.555176
178 207 15.568513
258 280 15.579933
211 227 15.638780
627 651 15.654455
305 346 15.736010
518 526 15.853956
473 481 16.104708
267 271 16.148771
623 632 16.398073
270 288 16.473331
968 13 16.528252
650 697 16.541300
697 741 16.541300
186 190 16.562962
244 245 16.650204
356 405 16.665625
249 273 16.667969
57 105 16.667969
336 358 16.667969
789 795 17.052616
560 605 17.178297
36 61 17.270084
61 81 17.288059
365 391 17.502205
514 517 17.518652
128 130 17.643318
644 668 17.656206
753 768 17.659298
248 272 17.933294
105 121 18.499252
687 714 18.536245
722 759 18.584871
519 526 18.665047
575 587 18.915668
79 80 19.005436
293 303 19.014311
339 354 19.055332
268 275 19.061312
528 578 19.064657
583 611 19.064657
638 640 19.189009
509 531 19.345074
664 677 19.724606
480 501 19.777086
284 298 19.806902
477 478 19.818615
261 284 19.852114
85 89 19.957331
243 263 20.002956
920 924 20.102362
522 541 20.114910
943 10 20.171843
660 678 20.200048
137 142 20.416626
734 775 20.468061
2 6 20.643528
777 791 20.820635
650 690 20.972719
922 938 21.017632
963 14 21.062979
978 24 21.186014
24 60 21.186014
246 247 21.345091
292 293 21.524424
414 444 21.634914
47 64 21.811714
315 331 21.878597
490 496 21.881264
25 56 22.117825
528 529 22.235420
299 342 22.312662
923 924 22.362837
686 715 22.668159
253 277 22.706543
953 5 22.779949
596 642 22.786489
203 242 22.835533
59 98 22.896208
386 391 22.904457
399 443 22.966835
780 824 23.017481
646 684 23.056379
278 290 23.070673
782 784 23.115921
484 504 23.167934
343 382 23.221165
692 697 23.296909
297 327 23.389957
126 157 23.777027
302 307 23.806831
252 256 23.949051
533 535 23.949051
384 429 23.977562
170 187 24.192318
138 182 24.434555
899 923 24.526854
853 887 24.710554
113 134 24.751505
814 838 24.778294
855 898 24.778294
12 35 24.853008
871 887 24.858778
175 217 24.862026
507 537 24.971642
64 72 25.009058
821 864 25.119514
549 566 25.167681
670 673 25.282778
110 154 25.344994
777 823 25.489861
236 277 25.496988
202 242 25.752649
255 264 25.946751
683 706 26.442381
561 605 26.530111
220 258 26.665510
246 291 26.810745
968 969 26.834898
451 469 26.927685
632 681 27.059326
608 657 27.176262
389 425 27.183685
395 409 27.183685
11 35 27.243937
16 40 27.251987
971 30 27.337210
465 513 27.449667
732 761 27.522367
971 975 27.550478
58 84 27.613403
99 123 27.628613
104 119 27.657383
347 382 27.675407
490 491 27.700069
763 802 27.888990
927 928 28.332720
934 935 28.334959
973 37 28.381346
294 299 28.449244
912 948 28.464277
410 416 28.536657
182 211 28.579063
455 497 28.614771
713 763 28.739532
963 18 28.820215
964 966 28.854330
296 336 28.900839
358 361 28.937841
223 262 28.952755
739 740 28.969383
970 972 28.969383
433 474 28.994572
175 225 29.092127
474 501 29.167973
291 298 29.168135
942 944 29.168135
838 866 29.298672
153 159 29.320200
350 370 29.357533
780 819 29.575033
242 275 29.651552
44 91 29.661167
822 872 29.705038
617 641 29.840483
958 961 29.897264
960 977 29.959671
427 446 30.216579
27 28 30.277344
60 89 30.745584
62 63 30.811733
527 559 30.828247
949 952 30.837038
684 685 30.838243
731 778 30.951149
825 864 31.002682
864 888 31.002682
838 876 31.063293
236 278 31.104002
404 450 31.328573
591 593 31.333399
141 175 31.333694
331 365 31.354685
850 889 31.478127
812 850 31.478127
672 706 31.805098
133 175 31.821880
389 432 31.867035
338 366 31.895962
222 227 31.954809
464 494 31.978445
94 116 32.002098
822 836 32.176311
850 852 32.199070
764 796 32.237286
596 646 32.252121
99 134 32.352245
111 157 32.392258
175 209 32.405659
102 119 32.439026
793 800 32.542572
392 420 32.683468
842 868 32.720993
553 599 32.766903
251 281 32.774624
8 36 32.841339
693 702 33.021732
21 32 33.045387
881 912 33.188942
634 659 33.269569
216 232 33.333008
649 652 33.333202
879 924 33.343388
431 471 33.374947
977 978 33.738697
407 422 33.752987
88 108 33.797722
801 827 33.820549
744 783 33.917519
531 546 33.927696
409 458 33.942005
298 346 34.015003
857 874 34.144733
750 794 34.239208
103 143 34.318687
949 6 34.472397
82 108 34.491837
835 851 34.501976
590 609 34.625381
616 639 34.663227
104 129 34.663708
481 509 34.710583
905 911 34.722374
53 59 34.732658
99 101 34.736534
791 811 34.967918
364 368 35.048344
634 635 35.074757
733 752 35.199478
117 155 35.231449
885 912 35.331211
332 381 35.438683
775 815 35.490810
538 586 35.522934
521 566 35.523193
569 576 35.591991
895 920 35.680302
876 885 35.685089
539 540 35.746761
189 191 35.789528
308 313 35.853691
287 328 35.962696
392 417 35.982155
421 469 36.113064
562 598 36.120522
117 128 36.170044
60 68 36.247948
395 406 36.403687
615 644 36.475418
759 770 36.500824
542 553 36.593105
510 537 36.618462
802 837 36.673767
635 661 36.825455
303 332 36.883560
518 553 36.996929
736 786 37.143356
233 269 37.210869
904 941 37.223694
453 461 37.266781
553 601 37.268089
176 180 37.349380
532 574 37.355385
427 448 37.424541
383 400 37.470364
375 385 37.520992
888 893 37.526951
735 749 37.537075
449 476 37.557285
725 743 37.655670
67 70 37.776653
30 80 37.782242
157 191 37.843475
676 697 38.055988
222 266 38.107761
889 906 38.111794
547 560 38.120762
33 56 38.137562
145 181 38.232986
589 632 38.288986
973 974 38.327847
835 881 38.334389
487 496 38.397320
939 8 38.414932
615 638 38.454979
157 167 38.667694
423 473 38.758797
520 539 38.789349
165 209 39.184261
300 326 39.229298
546 587 39.254200
956 5 39.291210
306 323 39.680389
457 494 39.947395
745 753 40.003357
109 140 40.046806
786 801 40.071682
609 648 40.175190
149 193 40.236206
695 698 40.444019
24 47 40.564415
869 892 40.587418
428 450 40.607227
908 951 40.621666
371 413 40.762318
382 421 40.765942
98 141 40.830063
74 117 40.849503
738 776 40.909290
60 96 40.972092
125 147 40.975811
542 564 41.006191
884 933 41.050304
698 728 41.072887
430 442 41.074615
444 489 41.111790
892 936 41.130421
515 551 41.157803
81 130 41.163799
352 390 41.416897
190 236 41.478279
869 884 41.553631
781 808 41.579048
557 596 41.636505
856 858 41.703754
268 270 41.703869
967 30 41.740482
273 322 41.832920
434 439 41.842678
741 779 41.929127
570 598 41.932941
225 255 42.014633
780 787 42.060795
955 958 42.060795
298 338 42.111279
598 625 42.121170
195 240 42.182236
510 546 42.226311
585 603 42.311634
449 466 42.362804
457 473 42.376816
875 910 42.398769
283 314 42.400517
150 189 42.438332
854 898 42.467915
457 483 42.492908
513 542 42.533524
545 584 42.850735
430 456 42.888859
776 798 42.906551
480 527 42.930435
259 265 43.009537
168 214 43.225517
580 589 43.227360
34 56 43.250854
601 627 43.298847
770 816 43.345013
741 742 43.389313
736 746 43.581512
515 528 43.605885
608 642 43.649712
136 149 43.734802
185 229 43.751492
576 617 43.858910
500 513 43.903599
664 686 43.920845
865 908 43.932079
144 163 43.957867
390 414 44.000069
131 152 44.076405
718 756 44.118637
912 950 44.169361
314 350 44.215908
498 534 44.280426
546 573 44.370689
171 173 44.406624
66 105 44.473034
89 119 44.615105
94 139 44.625168
715 756 44.764942
904 939 44.895565
669 696 45.216793
323 360 45.341591
886 904 45.380680
240 282 45.402374
41 89 45.405987
607 640 45.517742
50 86 45.816170
957 958 45.863693
52 62 46.000145
316 326 46.142544
130 180 46.151497
185 196 46.152344
608 610 46.168373
342 353 46.168701
570 587 46.168861
76 115 46.169376
424 430 46.179882
961 14 46.219296
907 931 46.275158
184 229 46.353546
360 386 46.356998
628 650 46.465202
443 465 46.496590
120 132 46.502689
215 257 46.530937
907 934 46.552315
373 392 46.674477
962 14 46.827282
242 265 46.963955
341 377 47.011978
38 40 47.139645
641 687 47.181602
454 472 47.181602
398 432 47.496712
262 267 47.502262
359 408 47.574146
431 460 47.702709
373 394 47.858334
499 536 47.893345
356 379 47.904835
820 832 48.076286
436 452 48.120651
369 389 48.343811
756 802 48.611717
122 169 48.767544
875 921 48.790794
809 836 49.169632
796 835 49.205017
483 521 49.222839
929 930 49.323952
914 947 49.332363
574 588 49.647930
533 556 49.755371
896 902 49.801861
303 304 49.801968
411 431 49.805782
921 929 49.816578
143 160 49.867584
178 198 49.874149
323 341 49.892506
628 674 50.004555
307 309 50.017044
19 49 50.388226
767 785 50.405014
798 819 50.509720
781 799 50.568447
774 777 50.647831
448 455 50.689091
349 390 50.932659
615 639 50.932850
956 957 50.932850
805 822 50.963226
103 138 51.245007
49 97 51.285946
409 433 51.338245
444 470 51.387470
954 960 51.387470
816 840 51.472141
400 441 51.534225
106 124 51.656734
324 328 51.702602
921 938 51.739944
707 725 51.820007
640 669 52.055424
336 364 52.303318
374 405 52.358761
927 929 52.446671
581 600 52.463917
843 849 52.490459
656 684 52.526443
98 116 52.615353
742 748 52.753944
740 763 52.893188
385 421 53.119038
773 806 53.159275
338 372 53.185333
600 626 53.291225
127 132 53.450111
445 454 53.542412
399 432 53.593121
530 571 53.593754
479 501 53.635010
544 552 53.817768
683 730 54.038460
785 795 54.040565
235 238 54.059303
128 166 54.099533
223 272 54.199627
800 811 54.321453
419 459 54.451725
574 610 54.470245
469 515 54.503887
447 450 54.725849
915 934 54.808163
471 519 54.859940
129 132 54.864231
856 890 54.944489
285 318 54.966553
965 20 55.082001
642 678 55.177197
517 547 55.180325
700 728 55.235249
823 842 55.257420
691 700 55.390835
326 356 55.402725
106 146 55.472088
400 439 55.477985
229 257 55.556217
743 772 55.558487
571 589 55.584633
269 287 55.739887
842 865 55.740654
839 858 55.838257
307 354 55.901699
724 749 55.902309
662 688 56.164318
960 25 56.395237
706 707 56.526138
783 830 56.550117
768 781 56.608410
46 73 56.671871
322 352 56.741245
199 207 56.790104
505 525 56.936436
658 702 56.939655
250 295 57.265575
556 567 57.269012
708 734 57.332935
559 603 57.427490
629 660 57.511177
91 130 57.545925
196 240 57.690952
30 46 57.780544
151 197 57.853878
228 269 57.899372
404 437 57.928665
148 192 57.943043
720 746 57.948586
461 506 58.058353
508 542 58.139462
763 797 58.348289
513 539 58.944927
732 781 58.958546
965 970 59.037144
70 76 59.037579
954 4 59.072998
174 216 59.204731
606 628 59.307655
19 48 59.447575
194 214 59.647316
617 663 59.707783
535 568 59.714001
783 786 59.721680
187 192 59.885944
856 871 59.940559
318 351 60.000641
422 470 60.031494
771 800 60.033470
317 336 60.092339
42 51 60.092613
269 271 60.149208
894 906 60.248707
625 635 60.392586
935 937 60.392586
192 197 60.472515
474 495 60.530453
857 867 60.891941
606 653 60.908447
849 896 60.995152
187 212 61.150791
257 297 61.357224
97 118 61.522720
194 219 61.563267
783 819 61.813778
87 103 61.891972
450 491 61.916172
965 966 62.244415
446 475 62.261852
445 463 62.334732
765 805 62.364273
941 944 62.427486
809 835 62.457447
245 284 62.489426
873 883 62.682808
936 955 62.862637
682 699 62.933346
258 300 62.976795
279 322 63.051231
915 932 63.175579
123 158 63.236916
31 78 63.256485
643 682 63.345764
882 930 63.437305
226 274 63.717491
718 749 63.756821
745 765 63.758480
337 349 63.947571
162 206 64.043137
262 285 64.045013
2 50 64.296516
793 822 64.380424
773 785 64.443184
4 27 64.445312
290 310 64.458145
536 584 64.485840
432 476 64.655991
530 544 64.731300
71 78 65.016449
452 481 65.561234
797 820 65.894493
151 200 65.921188
374 408 65.932854
139 174 66.072197
622 654 66.426651
622 662 66.463387
363 367 66.965599
747 770 67.113335
401 440 67.332924
55 86 67.687103
572 602 67.728966
673 680 67.775299
71 114 68.007355
444 461 68.007355
614 655 68.196632
1 29 68.214035
69 110 68.214035
435 460 68.327225
516 561 68.427803
849 880 68.595520
873 885 68.804306
605 641 68.840065
779 806 68.884865
581 631 69.102036
377 388 69.133804
721 736 69.146584
908 914 69.172958
435 462 69.256912
525 555 69.319725
649 683 69.727623
842 891 69.900459
944 945 69.929482
685 727 70.046379
916 965 70.155136
816 847 70.272820
747 782 70.282082
221 244 70.732605
363 397 70.815933
90 136 71.420616
577 623 71.531227
266 310 71.863831
959 18 71.961021
904 911 72.236008
152 177 72.519096
357 398 72.527069
743 758 72.712479
665 682 72.769127
538 550 73.613106
860 895 74.080894
895 928 74.080894
760 769 74.533127
891 903 74.536835
440 472 74.666832
547 597 74.769287
861 862 74.934624
311 340 75.166603
239 266 75.179474
140 162 75.660309
179 216 76.288116
348 383 76.748253
826 859 77.084106
561 591 77.488602
342 383 77.949142
172 214 80.251213
710 747 80.985359
6 45 81.089333
870 919 81.950615
475 502 82.477264
1 26 82.642273
522 555 83.569153
3 50 84.882156
135 153 86.788094
653 655 86.961433
17 59 87.619232
248 286 88.216599
708 750 89.964211
900 916 91.682266
301 341 94.089691
511 516 94.137733
243 270 94.935646
55 100 103.738190
221 241 113.081123
148 164 145.405914