10204.743388
489 979 0.000000
329 352 0.000000
488 610 0.000000
823 826 0.000000
488 979 0.000000
121 122 0.000000
54 58 0.000000
692 694 0.000000
24 979 0.000000
166 170 0.000000
347 894 0.000000
203 204 0.000000
639 956 0.000000
236 237 0.000000
572 573 0.000000
376 418 0.000000
821 962 0.000000
4 951 0.000000
137 140 0.000000
860 861 0.000000
483 485 0.000000
120 141 0.000000
16 293 0.000000
484 486 0.000000
203 205 0.000000
99 932 0.000000
367 915 0.000000
695 696 0.000000
85 977 0.000000
171 639 0.000000
575 582 0.000000
575 581 0.000000
688 704 0.000000
492 493 0.000000
688 972 0.000000
492 494 0.000000
688 740 0.000000
688 705 0.000000
145 941 0.000000
840 848 0.000000
688 689 0.000000
270 933 0.000000
824 825 0.000000
687 703 0.000000
839 841 0.000000
640 955 0.000000
490 735 0.000000
376 899 0.000000
640 787 0.000000
897 967 0.000000
691 693 0.000000
17 22 0.000000
152 154 0.000000
491 503 0.000000
119 792 0.000000
217 218 0.000000
135 974 0.000000
53 293 0.000000
709 710 0.000000
467 522 0.000000
232 553 0.000000
467 668 0.000000
138 139 0.000000
281 892 0.000000
860 928 0.000000
468 522 0.000000
281 752 0.000000
145 146 0.000000
15 30 0.000000
470 954 0.000000
813 814 0.000000
810 958 0.000000
716 717 0.000000
462 463 0.000000
714 767 0.000000
393 415 0.000000
342 965 0.000000
812 889 0.000000
712 713 0.000000
79 897 0.000000
283 461 0.000000
343 345 0.000000
88 668 0.000000
711 713 0.000000
282 896 0.000000
466 922 0.000000
328 330 0.000000
636 652 0.000000
277 926 0.000000
177 416 0.000000
636 918 0.000000
636 925 0.000000
818 852 0.000000
276 891 0.000000
477 479 0.000000
177 417 0.000000
276 533 0.000000
478 609 0.000000
478 974 0.000000
16 39 0.000000
578 583 0.000000
578 579 0.000000
327 352 0.000000
635 937 0.000000
278 895 0.000000
279 295 0.000000
817 819 0.000000
57 358 0.000000
472 703 0.000000
279 629 0.000000
650 741 0.000000
666 673 0.000000
666 671 0.000000
380 381 0.000000
912 913 0.000000
253 924 0.000000
380 399 0.000000
831 832 0.000000
831 833 0.000000
254 537 0.000000
252 891 0.000000
558 563 0.000000
558 562 0.000000
557 976 0.000000
528 959 0.000000
523 545 0.000000
524 526 0.000000
525 543 0.000000
256 535 0.000000
208 927 0.000000
209 210 0.000000
528 611 0.000000
663 665 0.000000
829 968 0.000000
667 672 0.000000
910 940 0.000000
830 834 0.000000
82 206 0.000000
82 223 0.000000
649 923 0.000000
168 169 0.000000
212 213 0.000000
657 769 0.000000
657 766 0.000000
41 102 0.000000
41 42 0.000000
211 927 0.000000
22 631 0.000000
554 555 0.000000
550 975 0.000000
654 964 0.000000
654 900 0.000000
83 84 0.000000
244 366 0.000000
43 47 0.000000
651 845 0.000000
651 846 0.000000
651 847 0.000000
536 751 0.000000
244 898 0.000000
250 274 0.000000
659 660 0.000000
249 532 0.000000
385 640 0.000000
498 499 0.000000
683 878 0.000000
18 23 0.000000
901 903 0.000000
825 888 0.000000
644 647 0.000000
51 52 0.000000
172 351 0.000000
566 567 0.000000
163 165 0.000000
124 125 0.000000
240 603 0.000000
504 508 0.000000
240 763 0.000000
565 643 0.000000
333 335 0.000000
386 387 0.000000
270 424 0.000000
270 423 0.000000
270 363 0.000000
333 337 0.000000
344 965 0.000000
333 334 0.000000
495 843 0.000000
176 178 0.000000
1 110 0.000000
384 385 0.000000
675 678 0.000000
378 379 0.000000
515 549 0.000000
827 968 0.000000
828 829 0.000000
207 637 0.000000
260 538 0.000000
676 679 0.000000
259 751 0.000000
521 523 0.000000
365 805 0.000000
677 680 0.000000
512 549 0.000000
564 565 0.000000
19 20 0.000000
508 943 0.000000
265 296 0.000000
507 548 0.000000
402 404 0.000000
426 430 0.000000
103 222 0.000000
760 762 0.000000
221 560 0.000000
760 761 0.000000
158 624 0.000000
158 602 0.000000
605 645 0.000000
181 183 0.000000
69 923 0.000000
0 110 0.000000
604 645 0.000000
77 80 0.000000
403 635 0.000000
768 844 0.000000
422 745 0.000000
226 234 0.000000
159 195 0.000000
869 909 0.000000
172 956 0.000000
167 188 0.000000
29 923 0.000000
320 321 0.000000
425 747 0.000000
108 109 0.000000
874 875 0.000000
433 434 0.000000
800 931 0.000000
6 359 0.000000
31 32 0.000000
298 944 0.000000
220 221 0.000000
436 438 0.000000
10 289 0.000000
362 413 0.000000
436 934 0.000000
803 804 0.000000
180 183 0.000000
803 823 0.000000
111 113 0.000000
111 115 0.000000
92 93 0.000000
625 935 0.000000
69 633 0.000000
69 630 0.000000
428 749 0.000000
756 757 0.000000
9 946 0.000000
754 755 0.000000
189 368 0.000000
302 304 0.000000
301 950 0.000000
616 620 0.000000
866 870 0.000000
7 946 0.000000
8 11 0.000000
160 161 0.000000
318 638 0.000000
778 808 0.000000
412 936 0.000000
618 619 0.000000
616 619 0.000000
105 607 0.000000
615 957 0.000000
8 207 0.000000
6 948 0.000000
775 807 0.000000
786 963 0.000000
789 790 0.000000
317 638 0.000000
788 790 0.000000
75 76 0.000000
73 78 0.000000
621 622 0.000000
408 952 0.000000
105 336 0.000000
780 958 0.000000
411 656 0.000000
186 925 0.000000
770 930 0.000000
851 947 0.000000
419 758 0.000000
27 632 0.000000
613 646 0.000000
309 331 0.000000
420 758 0.000000
308 316 0.000000
364 493 0.000000
95 96 0.000000
794 796 0.000000
319 320 0.000000
310 312 0.000000
225 226 0.000000
724 731 0.000000
724 737 0.000000
138 929 0.000000
323 765 0.000000
13 30 0.000000
726 727 0.000000
290 373 0.000000
728 733 0.000000
290 507 0.000000
729 730 0.000000
361 362 0.000000
723 969 0.000000
291 942 0.000000
156 158 0.000000
64 65 0.000000
173 953 0.000000
457 696 0.000000
716 966 0.000000
324 325 0.000000
719 720 0.000000
719 723 0.000000
60 978 0.000000
286 971 0.000000
883 887 0.000000
456 772 0.000000
32 973 0.000000
375 584 0.000000
585 586 0.000000
585 590 0.000000
455 771 0.000000
454 641 0.000000
231 233 0.000000
229 654 0.000000
112 116 0.000000
445 945 0.000000
739 970 0.000000
597 949 0.000000
439 756 0.000000
444 960 0.000000
230 231 0.000000
593 595 0.000000
591 592 0.000000
877 879 0.000000
596 762 0.878428
120 391 0.880898
127 914 1.113281
440 939 1.690950
175 863 2.291062
886 939 2.991436
85 890 3.004536
136 273 3.067738
144 250 3.105165
33 868 3.516027
530 947 3.725543
4 129 3.777417
469 817 3.857623
468 482 3.928034
155 845 4.008305
350 388 4.043820
176 904 4.127347
128 246 4.346139
519 822 4.599381
251 728 5.008553
267 786 5.107162
245 945 5.188737
568 768 5.270566
856 976 5.305597
487 654 5.364918
81 181 5.392888
40 816 5.554688
72 257 5.664673
194 798 5.726304
144 568 5.727062
513 653 5.839551
553 759 5.963783
399 553 6.009343
434 622 6.065596
514 912 6.115689
81 674 6.168939
314 453 6.210723
116 174 6.241999
213 486 6.269021
343 961 6.395177
771 772 6.413193
382 819 6.463321
31 648 6.478175
105 485 6.667969
17 931 6.673754
219 859 6.680002
353 820 6.689703
261 484 6.712821
53 722 6.714801
270 932 6.784064
126 452 6.807212
196 439 6.832236
311 741 6.860403
90 233 6.899455
16 701 6.902443
59 518 6.943653
98 302 6.960658
437 441 6.963074
38 432 7.116888
233 834 7.117565
542 601 7.212469
10 291 7.221905
179 425 7.334773
438 791 7.335549
277 920 7.479134
86 356 7.479587
640 906 7.480041
802 843 7.520773
615 893 7.546443
387 519 7.581890
53 232 7.584011
224 859 7.628456
539 606 7.681965
872 882 7.821879
226 315 7.822417
721 962 7.862203
563 935 7.954194
68 769 7.954671
306 431 8.112652
782 938 8.285270
149 903 8.288281
78 348 8.323316
505 975 8.332031
598 777 8.374928
21 712 8.398585
105 612 8.434674
121 375 8.447042
48 680 8.502891
294 718 8.626079
214 429 8.629348
128 298 8.684680
723 739 8.717126
753 868 8.717577
142 272 8.722408
642 890 8.724506
26 707 8.862781
716 718 8.877058
23 271 8.892998
754 794 8.925674
325 533 9.183508
37 480 9.196962
26 222 9.246333
509 932 9.333563
206 864 9.336855
121 214 9.448407
202 368 9.462131
217 577 9.495020
130 247 9.506587
848 875 9.566971
676 806 9.591203
480 797 9.659925
236 392 9.674314
315 865 9.726625
349 737 9.785964
185 355 9.816139
59 872 9.820567
564 627 9.841570
698 869 9.844243
123 693 9.914878
216 542 9.915260
117 486 9.936090
2 517 9.938273
653 910 9.973477
57 485 10.000000
216 292 10.003845
537 895 10.015427
42 856 10.096027
466 709 10.110301
362 412 10.184898
541 644 10.186710
309 863 10.198455
195 400 10.307764
292 443 10.411999
149 447 10.412337
799 960 10.442780
33 768 10.540823
593 594 10.569304
74 944 10.570434
107 131 10.613800
130 346 10.631137
407 753 10.646133
355 820 10.670374
142 248 10.723575
23 48 10.728773
86 300 10.785775
481 691 10.787133
339 446 10.805661
315 661 10.835938
197 835 10.849501
399 500 10.866524
228 404 10.924557
570 915 10.932980
855 866 10.956735
242 457 10.958715
386 475 11.006765
427 793 11.018031
396 469 11.026443
12 124 11.089795
710 938 11.090798
239 389 11.099913
303 415 11.120591
411 681 11.144457
176 679 11.197975
812 893 11.248422
354 502 11.255451
44 540 11.398513
189 224 11.400269
59 526 11.429077
410 925 11.482379
56 659 11.500528
729 924 11.566649
898 945 11.634459
108 721 11.679985
166 338 11.697701
463 814 11.719131
547 870 11.719570
370 557 11.791696
638 906 11.800936
266 476 11.810823
501 849 11.816119
443 722 11.817209
104 377 11.866567
139 398 11.866817
433 820 11.868817
917 967 11.886962
193 233 11.947556
247 305 11.969007
304 822 11.992537
435 755 11.994076
559 622 11.995269
260 896 12.052713
277 729 12.057199
58 88 12.100579
7 55 12.102641
105 584 12.174096
371 397 12.250146
19 686 12.337607
380 393 12.386574
35 886 12.387362
317 850 12.389463
536 752 12.403532
179 848 12.422625
517 913 12.450892
566 798 12.475231
551 817 12.477770
725 860 12.512323
517 789 12.579057
624 700 12.626312
269 744 12.668949
473 884 12.671524
287 611 12.743979
25 659 12.747549
474 559 12.804501
173 534 12.805358
12 199 12.829473
153 240 12.888790
201 859 12.924580
502 907 12.948028
61 180 13.019620
120 217 13.082150
52 151 13.090904
396 961 13.101905
347 421 13.137640
543 746 13.171327
127 431 13.299078
134 426 13.332031
130 246 13.338374
402 916 13.362218
389 875 13.379405
192 912 13.379729
580 682 13.382163
28 431 13.407281
54 541 13.439504
204 695 13.439504
162 271 13.439660
355 716 13.462912
87 449 13.568243
438 777 13.587038
476 655 13.619682
348 837 13.622625
21 590 13.623522
789 813 13.793571
279 535 13.869294
163 407 13.887578
403 407 13.899744
296 358 14.012187
84 93 14.015478
174 415 14.024245
285 894 14.045838
383 969 14.065880
5 534 14.081284
655 921 14.109960
628 742 14.111151
119 762 14.157796
136 588 14.163549
501 797 14.178000
515 670 14.187490
169 412 14.234032
305 340 14.299434
309 865 14.369906
877 878 14.385884
663 881 14.404545
524 822 14.455996
66 194 14.498796
97 739 14.555797
186 418 14.706141
250 660 14.767907
97 705 14.784160
155 289 14.825027
400 970 14.848046
25 675 14.850490
3 767 14.890334
617 898 14.906101
241 374 14.951531
19 228 14.958720
421 798 15.010288
600 743 15.034188
442 459 15.064188
46 972 15.127105
320 891 15.159100
452 774 15.175566
62 764 15.198206
269 335 15.206906
503 532 15.254954
101 442 15.255044
426 587 15.280350
235 751 15.327331
454 576 15.340371
307 475 15.365625
414 799 15.401657
301 796 15.407734
71 559 15.435971
243 455 15.446321
126 191 15.476976
175 577 15.480544
313 591 15.495373
11 676 15.519977
583 744 15.539147
359 885 15.549127
190 417 15.555176
258 280 15.579933
1 878 15.579933
442 546 15.580220
227 927 15.638780
477 586 15.643706
627 846 15.654455
371 698 15.655963
383 829 15.675132
73 603 15.782616
132 908 15.792192
707 927 15.814829
251 397 15.889837
591 807 15.892817
588 737 15.893961
511 594 15.894106
306 589 15.910318
462 838 16.057497
575 772 16.073879
473 481 16.104708
618 852 16.106945
632 765 16.112204
26 614 16.125896
267 271 16.148771
111 367 16.149477
84 541 16.161648
47 297 16.163315
140 554 16.196434
612 669 16.255522
153 843 16.306067
471 699 16.331390
504 846 16.371225
86 405 16.396526
623 632 16.398073
77 746 16.415291
283 388 16.429405
288 933 16.473331
118 437 16.522804
13 968 16.528252
702 774 16.538345
697 741 16.541300
190 925 16.562962
599 930 16.574434
15 525 16.648325
141 805 16.664062
370 453 16.664062
40 601 16.666504
134 531 16.666504
347 551 16.667969
273 532 16.667969
124 886 16.669182
705 902 16.782742
510 743 16.869349
330 738 16.932871
28 360 16.944128
5 238 16.977818
132 623 16.980852
500 599 16.981684
790 795 17.052616
382 451 17.090111
198 440 17.098459
103 867 17.117807
560 604 17.178297
280 767 17.183172
401 569 17.194731
394 861 17.266157
36 61 17.270084
465 601 17.288256
159 802 17.385267
354 446 17.390888
87 161 17.579102
547 838 17.579102
157 570 17.607735
464 776 17.666105
50 838 17.746143
287 666 17.748650
107 725 17.798531
218 307 17.868734
167 263 17.951696
106 198 17.952269
332 930 17.959476
63 544 17.989496
809 914 18.038044
265 362 18.057795
588 808 18.074856
328 529 18.109631
200 506 18.111797
699 836 18.114737
448 931 18.136856
25 470 18.160156
531 932 18.267756
91 540 18.278326
322 781 18.313040
685 871 18.352543
187 372 18.446516
215 297 18.480213
219 464 18.503098
76 811 18.511377
472 714 18.536245
352 574 18.544256
170 245 18.667835
6 148 18.675642
262 961 18.803360
89 890 18.890779
582 587 18.915668
460 580 18.930458
576 854 18.931898
642 732 18.955273
129 264 18.955517
369 520 18.962046
681 851 18.985811
77 79 19.005436
388 608 19.018826
571 881 19.056719
268 275 19.061312
578 959 19.064657
168 235 19.134733
154 373 19.136633
188 811 19.156885
300 561 19.169981
505 971 19.240318
283 856 19.246214
287 670 19.254391
322 390 19.343328
280 919 19.344940
47 329 19.379805
268 693 19.382908
773 941 19.536228
657 858 19.569710
344 756 19.642929
613 792 19.675125
664 677 19.724606
401 687 19.753565
303 882 19.755600
284 944 19.806902
255 951 19.809366
135 479 19.818615
261 284 19.852114
37 409 19.885141
593 815 19.885292
808 901 19.914896
38 599 19.938143
2 885 19.962261
71 196 20.001469
157 452 20.001936
243 263 20.002956
119 377 20.102362
192 881 20.112883
785 870 20.148838
118 664 20.277344
227 312 20.281019
571 835 20.323080
308 591 20.374910
140 142 20.416626
369 539 20.428886
634 753 20.467592
734 775 20.468061
464 556 20.494421
842 937 20.505589
188 367 20.534359
164 594 20.549911
406 880 20.550024
378 561 20.583027
91 748 20.615528
661 745 20.736435
662 843 20.869520
117 504 20.870489
784 922 20.882130
63 883 20.897570
192 435 20.911266
311 690 20.913715
179 653 20.919296
163 225 20.954479
378 604 20.965599
396 810 20.996037
450 916 21.016594
368 658 21.024866
389 857 21.033104
266 867 21.060911
14 963 21.062979
316 815 21.063526
692 779 21.081955
114 228 21.089497
266 784 21.128693
978 979 21.186014
390 808 21.265078
137 962 21.302412
131 743 21.304201
285 545 21.345091
617 785 21.372787
6 750 21.410213
34 901 21.418259
465 910 21.619690
294 833 21.695999
428 496 21.748503
106 569 21.762953
114 715 21.787199
43 64 21.811714
649 729 21.835220
227 394 21.867277
89 283 21.874727
490 496 21.881264
395 458 21.882366
223 821 21.910648
200 853 21.922894
50 220 21.962759
7 326 22.033703
147 199 22.084269
471 809 22.223898
528 529 22.235420
552 726 22.264103
299 344 22.312662
75 791 22.345835
562 823 22.346357
248 917 22.360680
219 364 22.393950
773 854 22.395779
503 574 22.486080
150 201 22.507229
191 658 22.583855
736 801 22.589321
66 669 22.612183
73 711 22.650208
207 697 22.668089
305 674 22.744953
270 481 22.759575
261 682 22.780235
596 642 22.786489
343 824 22.820005
255 422 22.906733
36 697 22.949409
613 684 23.056379
46 550 23.062031
548 895 23.070673
209 309 23.070673
143 614 23.136532
671 783 23.175751
68 608 23.267588
692 697 23.296909
360 623 23.380342
70 150 23.389423
255 908 23.478491
409 527 23.537153
480 648 23.571032
429 906 23.613644
278 392 23.670170
628 911 23.677103
205 275 23.729708
340 748 23.782913
352 490 23.863686
297 414 23.901255
312 706 23.933210
533 535 23.949051
62 544 23.974201
197 947 24.057959
7 308 24.112762
265 869 24.192116
170 187 24.192318
204 909 24.192621
678 781 24.223190
14 554 24.369497
713 849 24.387350
138 182 24.434555
655 857 24.469675
811 907 24.469984
44 539 24.509256
62 301 24.523773
311 911 24.526445
418 633 24.526854
427 931 24.595509
314 506 24.617460
401 576 24.656115
853 883 24.710554
374 734 24.721603
744 834 24.741219
871 887 24.858778
64 72 25.009058
608 978 25.094919
341 411 25.153854
639 852 25.167383
549 566 25.167681
94 862 25.172722
35 679 25.283146
1 152 25.344994
487 966 25.354034
96 841 25.411865
454 785 25.486935
777 803 25.489861
237 277 25.496988
628 905 25.534777
96 215 25.534794
67 320 25.556580
5 618 25.569035
110 706 25.593260
344 715 25.714207
543 801 25.752211
215 489 25.773956
288 700 25.809732
133 577 25.834776
266 449 25.857389
458 527 25.873960
419 626 25.945772
662 965 25.970984
101 531 26.117599
238 499 26.212690
459 572 26.395071
49 715 26.462875
67 150 26.483067
193 737 26.715673
405 516 26.970137
318 812 27.069038
14 262 27.431896
597 885 27.469015
52 685 27.778732
263 448 27.825544
537 626 27.958889
94 332 28.114847
282 837 28.175871
552 873 28.536980
182 208 28.579063
497 771 28.614771
462 876 29.196711
100 164 29.200439
108 482 30.595791
408 597 30.837038
357 862 31.301039
37 880 31.553118
672 706 31.805098
727 853 31.817387
850 852 32.199070
241 708 32.837891
184 257 33.301502
374 516 33.448837
45 873 38.016224