10204.743388
0 1 0.000000
1 110 0.000000
110 683 15.579933
683 878 0.000000
877 878 14.385884
877 879 0.000000
110 154 25.344994
152 154 0.000000
152 290 19.136633
290 373 0.000000
373 548 0.000000
507 548 0.000000
278 507 23.070673
278 895 0.000000
537 895 10.015427
254 537 0.000000
392 895 23.670170
236 392 9.674314
236 237 0.000000
237 277 25.496988
277 926 0.000000
920 926 7.479134
730 926 12.057199
729 730 0.000000
253 729 11.566649
253 924 0.000000
69 729 21.835220
29 69 0.000000
29 633 0.000000
633 649 0.000000
630 649 0.000000
630 923 0.000000
376 923 24.526854
376 418 0.000000
418 899 0.000000
186 899 14.706141
186 636 0.000000
636 652 0.000000
652 918 0.000000
918 925 0.000000
410 925 11.482379
190 925 16.562962
177 190 15.555176
177 416 0.000000
416 417 0.000000
110 706 25.593260
310 706 23.933210
310 312 0.000000
227 312 20.281019
208 227 15.638780
208 211 0.000000
211 927 0.000000
707 927 15.814829
26 707 8.862781
26 103 9.246333
103 222 0.000000
26 614 16.125896
222 867 17.117807
266 867 21.060911
266 476 11.810823
476 655 13.619682
655 921 14.109960
266 784 21.128693
466 784 20.882130
466 922 0.000000
709 922 10.110301
709 710 0.000000
710 938 11.090798
782 938 8.285270
227 394 21.867277
394 860 17.266157
860 861 0.000000
861 928 0.000000
725 928 12.512323
107 725 17.798531
107 131 10.613800
131 743 21.304201
600 743 15.034188
510 743 16.869349
143 614 23.136532
655 857 24.469675
389 857 21.033104
239 389 11.099913
389 874 13.379405
874 875 0.000000
840 875 9.566971
840 848 0.000000
179 848 12.422625
179 425 7.334773
425 747 0.000000
179 653 20.919296
513 653 5.839551
653 910 9.973477
910 940 0.000000
465 940 21.619690
465 601 17.288256
542 601 7.212469
216 542 9.915260
216 292 10.003845
292 443 10.411999
443 722 11.817209
16 722 6.714801
16 39 0.000000
39 293 0.000000
53 293 0.000000
53 701 6.902443
53 553 7.584011
232 553 0.000000
232 759 5.963783
232 380 6.009343
380 381 0.000000
381 399 0.000000
399 500 10.866524
393 399 12.386574
393 415 0.000000
303 415 11.120591
174 415 14.024245
112 174 6.241999
112 116 0.000000
40 601 16.666504
40 816 5.554688
500 599 16.981684
599 770 16.574434
770 930 0.000000
332 930 17.959476
303 882 19.755600
872 882 7.821879
59 872 9.820567
59 518 6.943653
59 524 11.429077
524 526 0.000000
526 822 14.455996
519 822 4.599381
386 519 7.581890
386 387 0.000000
387 475 11.006765
304 822 11.992537
302 304 0.000000
98 302 6.960658
307 475 15.365625
217 307 17.868734
217 218 0.000000
218 577 9.495020
141 218 13.082150
120 141 0.000000
120 391 0.880898
175 577 15.480544
175 863 2.291062
309 863 10.198455
309 331 0.000000
331 865 14.369906
315 865 9.726625
225 315 7.822417
225 226 0.000000
226 234 0.000000
315 661 10.835938
120 365 16.664062
365 805 0.000000
38 599 19.938143
38 432 7.116888
661 745 20.736435
422 745 0.000000
163 234 20.954479
163 165 0.000000
165 407 13.887578
407 753 10.646133
753 868 8.717577
33 868 3.516027
33 768 10.540823
768 844 0.000000
568 844 5.270566
144 568 5.727062
144 250 3.105165
250 274 0.000000
403 407 13.899744
403 635 0.000000
635 937 0.000000
274 659 14.767907
659 660 0.000000
56 660 11.500528
25 660 12.747549
25 675 14.850490
675 678 0.000000
25 470 18.160156
470 954 0.000000
634 753 20.467592
842 937 20.505589
255 422 22.906733
4 255 19.809366
4 951 0.000000
129 951 3.777417
129 264 18.955517
210 331 23.070673
209 210 0.000000
255 908 23.478491
132 908 15.792192
132 623 16.980852
27 623 16.398073
27 632 0.000000
323 632 16.112204
323 765 0.000000
360 623 23.380342
28 360 16.944128
28 431 13.407281
306 431 8.112652
127 431 13.299078
127 914 1.113281
306 589 15.910318
809 914 18.038044
471 809 22.223898
471 699 16.331390
699 836 18.114737
678 781 24.223190
322 781 18.313040
322 390 19.343328
390 778 21.265078
778 808 0.000000
588 808 18.074856
136 588 14.163549
136 273 3.067738
588 724 15.893961
724 731 0.000000
731 737 0.000000
349 737 9.785964
273 532 16.667969
249 532 0.000000
249 491 15.254954
491 503 0.000000
808 901 19.914896
901 903 0.000000
149 903 8.288281
149 447 10.412337
34 903 21.418259
503 574 22.486080
327 574 18.544256
327 329 0.000000
329 352 0.000000
43 352 19.379805
43 47 0.000000
47 297 16.163315
215 297 18.480213
47 65 21.811714
64 65 0.000000
352 735 23.863686
490 735 0.000000
490 496 21.881264
428 496 21.748503
428 749 0.000000
297 414 23.901255
414 799 15.401657
444 799 10.442780
444 960 0.000000
64 72 25.009058
72 257 5.664673
95 215 25.534794
95 96 0.000000
96 841 25.411865
839 841 0.000000
215 488 25.773956
24 488 0.000000
24 979 0.000000
489 979 0.000000
489 610 0.000000
610 978 21.186014
60 978 0.000000
60 608 25.094919
388 608 19.018826
350 388 4.043820
283 388 16.429405
283 461 0.000000
461 856 19.246214
557 856 5.305597
557 976 0.000000
41 856 10.096027
41 42 0.000000
42 102 0.000000
370 976 11.791696
370 453 16.664062
314 453 6.210723
89 461 21.874727
89 890 18.890779
85 890 3.004536
85 977 0.000000
642 890 8.724506
642 732 18.955273
596 642 22.786489
596 760 0.878428
760 761 0.000000
761 762 0.000000
119 762 14.157796
119 792 0.000000
613 792 19.675125
613 646 0.000000
377 792 20.102362
104 377 11.866567
646 684 23.056379
68 608 23.267588
68 657 7.954671
657 766 0.000000
766 769 0.000000
769 858 19.569710
314 506 24.617460
200 506 18.111797
200 853 21.922894
853 883 24.710554
883 887 0.000000
63 887 20.897570
63 544 17.989496
62 544 23.974201
62 764 15.198206
62 301 24.523773
301 950 0.000000
794 950 15.407734
794 796 0.000000
754 796 8.925674
754 755 0.000000
435 755 11.994076
192 435 20.911266
192 912 13.379729
912 913 0.000000
514 913 6.115689
517 913 12.450892
2 517 9.938273
517 788 12.579057
788 789 0.000000
789 790 0.000000
790 814 13.793571
813 814 0.000000
463 813 11.719131
462 463 0.000000
462 838 16.057497
790 795 17.052616
547 838 17.579102
547 866 11.719570
866 870 0.000000
855 870 10.956735
50 838 17.746143
2 885 19.962261
6 885 15.549127
6 359 0.000000
359 948 0.000000
148 948 18.675642
192 881 20.112883
663 881 14.404545
663 665 0.000000
571 881 19.056719
785 870 20.148838
571 835 20.323080
197 835 10.849501
617 785 21.372787
244 617 14.906101
244 366 0.000000
366 898 0.000000
445 898 11.634459
445 945 0.000000
245 945 5.188737
166 245 18.667835
166 170 0.000000
170 338 11.697701
750 948 21.410213
50 220 21.962759
220 221 0.000000
221 560 0.000000
560 604 17.178297
604 605 0.000000
605 645 0.000000
378 645 20.965599
378 379 0.000000
379 561 20.583027
300 561 19.169981
86 300 10.785775
86 356 7.479587
86 405 16.396526
197 947 24.057959
851 947 0.000000
530 851 3.725543
681 851 18.985811
411 681 11.144457
411 656 0.000000
170 187 24.192318
187 372 18.446516
871 887 24.858778
685 871 18.352543
341 656 25.153854
641 785 25.486935
454 641 0.000000
454 576 15.340371
576 854 18.931898
773 854 22.395779
145 773 19.536228
145 146 0.000000
146 941 0.000000
401 576 24.656115
401 569 17.194731
401 472 19.753565
472 687 0.000000
687 703 0.000000
703 714 18.536245
714 767 0.000000
3 767 14.890334
280 767 17.183172
258 280 15.579933
280 919 19.344940
106 569 21.762953
106 198 17.952269
198 440 17.098459
440 939 1.690950
886 939 2.991436
35 886 12.387362
124 886 16.669182
124 125 0.000000
12 125 11.089795
12 199 12.829473
147 199 22.084269
35 676 25.283146
676 679 0.000000
679 806 9.591203
176 679 11.197975
176 178 0.000000
178 904 4.127347
8 679 15.519977
8 11 0.000000
11 207 0.000000
207 637 0.000000
637 697 22.668089
650 697 16.541300
650 741 0.000000
311 741 6.860403
311 690 20.913715
36 697 22.949409
36 61 17.270084
61 180 13.019620
180 181 0.000000
181 183 0.000000
81 183 5.392888
81 674 6.168939
305 674 22.744953
247 305 11.969007
130 247 9.506587
130 346 10.631137
130 246 13.338374
128 246 4.346139
128 298 8.684680
298 944 0.000000
74 944 10.570434
305 340 14.299434
284 944 19.806902
261 284 19.852114
261 484 6.712821
484 486 0.000000
212 486 6.269021
212 213 0.000000
117 486 9.936090
117 504 20.870489
504 508 0.000000
508 943 0.000000
651 943 16.371225
651 845 0.000000
845 846 0.000000
846 847 0.000000
155 847 4.008305
10 155 14.825027
10 289 0.000000
289 291 7.221905
291 942 0.000000
627 847 15.654455
564 627 9.841570
564 565 0.000000
565 643 0.000000
261 682 22.780235
580 682 13.382163
460 580 18.930458
692 697 23.296909
692 694 0.000000
694 779 21.081955
340 748 23.782913
91 748 20.615528
91 540 18.278326
44 540 11.398513
44 539 24.509256
539 606 7.681965
369 539 20.428886
369 520 18.962046
311 911 24.526445
628 911 23.677103
628 742 14.111151
628 905 25.534777
133 577 25.834776
266 449 25.857389
87 449 13.568243
87 160 17.579102
160 161 0.000000
193 737 26.715673
193 230 11.947556
230 231 0.000000
231 233 0.000000
90 233 6.899455
233 830 7.117565
830 834 0.000000
744 834 24.741219
269 744 12.668949
269 333 15.206906
333 334 0.000000
334 335 0.000000
335 337 0.000000
579 744 15.539147
578 579 0.000000
578 583 0.000000
528 583 19.064657
528 611 0.000000
611 959 0.000000
287 959 12.743979
287 666 17.748650
666 671 0.000000
671 673 0.000000
287 670 19.254391
512 670 14.187490
512 515 0.000000
515 549 0.000000
529 959 22.235420
328 529 18.109631
328 330 0.000000
330 738 16.932871
673 783 23.175751
549 566 25.167681
566 567 0.000000
567 798 12.475231
194 798 5.726304
66 194 14.498796
421 798 15.010288
347 421 13.137640
347 894 0.000000
285 894 14.045838
551 894 16.667969
551 817 12.477770
817 819 0.000000
469 819 3.857623
382 819 6.463321
396 469 11.026443
396 961 13.101905
343 961 6.395177
343 345 0.000000
382 451 17.090111
262 961 18.803360
396 780 20.996037
780 810 0.000000
810 958 0.000000
285 523 21.345091
521 523 0.000000
521 545 0.000000
66 669 22.612183
612 669 16.255522
105 612 8.434674
105 336 0.000000
336 607 0.000000
485 607 6.667969
483 485 0.000000
57 483 10.000000
57 358 0.000000
375 607 12.174096
375 584 0.000000
122 584 8.447042
121 122 0.000000
121 214 9.448407
214 429 8.629348
265 358 14.012187
265 296 0.000000
296 361 18.057795
361 362 0.000000
362 413 0.000000
413 936 10.184898
412 936 0.000000
168 412 14.234032
168 169 0.000000
169 235 19.134733
235 259 15.327331
259 536 0.000000
536 751 0.000000
281 751 12.403532
281 752 0.000000
752 892 0.000000
345 825 22.820005
824 825 0.000000
824 888 0.000000
429 906 23.613644
384 906 7.480041
384 385 0.000000
385 955 0.000000
640 955 0.000000
640 787 0.000000
318 906 11.800936
317 318 0.000000
317 638 0.000000
638 850 12.389463
296 909 24.192116
869 909 0.000000
698 869 9.844243
371 698 15.655963
371 397 12.250146
251 397 15.889837
251 728 5.008553
728 733 0.000000
205 869 24.192621
203 205 0.000000
203 204 0.000000
204 457 13.439504
457 695 0.000000
695 696 0.000000
242 696 10.958715
204 275 23.729708
268 275 19.061312
268 691 19.382908
691 693 0.000000
123 693 9.914878
481 693 10.787133
473 481 16.104708
473 884 12.671524
270 481 22.759575
270 363 0.000000
363 424 0.000000
423 424 0.000000
423 933 0.000000
99 933 6.784064
99 932 0.000000
509 932 9.333563
288 933 16.473331
531 932 18.267756
134 531 16.666504
134 426 13.332031
426 430 0.000000
430 587 15.280350
575 587 18.915668
575 581 0.000000
581 582 0.000000
456 582 16.073879
456 772 0.000000
455 772 6.413193
455 771 0.000000
243 771 15.446321
243 263 20.002956
167 263 17.951696
167 188 0.000000
188 811 19.156885
75 811 18.511377
75 76 0.000000
188 367 20.534359
367 915 0.000000
570 915 10.932980
111 915 16.149477
111 113 0.000000
113 115 0.000000
157 570 17.607735
157 452 20.001936
126 452 6.807212
452 774 15.175566
126 191 15.476976
702 774 16.538345
76 791 22.345835
436 791 7.335549
436 438 0.000000
438 934 0.000000
777 934 13.587038
598 777 8.374928
191 658 22.583855
189 658 21.024866
189 368 0.000000
202 368 9.462131
224 368 11.400269
224 859 7.628456
219 859 6.680002
201 859 12.924580
219 464 18.503098
464 776 17.666105
464 556 20.494421
219 494 22.393950
364 494 0.000000
364 492 0.000000
492 493 0.000000
150 201 22.507229
70 150 23.389423
811 907 24.469984
502 907 12.948028
354 502 11.255451
354 446 17.390888
339 446 10.805661
777 803 25.489861
803 804 0.000000
804 826 0.000000
823 826 0.000000
562 823 22.346357
558 562 0.000000
558 563 0.000000
563 625 7.954194
625 935 0.000000
288 700 25.809732
156 700 12.626312
156 158 0.000000
158 602 0.000000
602 624 0.000000
101 531 26.117599
101 442 15.255044
442 459 15.064188
442 546 15.580220
459 572 26.395071
572 573 0.000000
67 150 26.483067
67 319 25.556580
319 320 0.000000
320 321 0.000000
276 321 15.159100
252 276 0.000000
252 533 0.000000
533 891 0.000000
324 891 9.183508
324 325 0.000000
256 891 23.949051
256 535 0.000000
279 535 13.869294
279 295 0.000000
295 629 0.000000
405 516 26.970137
638 812 27.069038
812 889 0.000000
889 893 11.248422
615 893 7.546443
615 957 0.000000
14 262 27.431896
14 786 21.062979
786 963 0.000000
267 963 5.107162
267 271 16.148771
18 271 8.892998
18 23 0.000000
23 48 10.728773
48 677 8.502891
677 680 0.000000
162 271 13.439660
664 680 19.724606
118 664 20.277344
118 437 16.522804
437 441 6.963074
14 555 24.369497
554 555 0.000000
137 554 16.196434
137 140 0.000000
140 142 20.416626
142 272 8.722408
142 248 10.723575
140 821 21.302412
821 962 0.000000
721 962 7.862203
108 721 11.679985
108 109 0.000000
206 962 21.910648
82 206 0.000000
82 223 0.000000
223 864 9.336855
248 917 22.360680
79 917 11.886962
79 897 0.000000
897 967 0.000000
77 967 19.005436
77 80 0.000000
80 746 16.415291
525 746 13.171327
525 543 0.000000
15 543 16.648325
13 15 0.000000
13 30 0.000000
30 828 16.528252
827 828 0.000000
827 829 0.000000
829 968 0.000000
383 968 15.675132
383 719 14.065880
719 720 0.000000
720 723 0.000000
723 969 0.000000
739 969 8.717126
739 970 0.000000
97 970 14.555797
97 688 14.784160
688 689 0.000000
689 704 0.000000
704 740 0.000000
705 740 0.000000
705 972 0.000000
400 970 14.848046
159 400 10.307764
159 195 0.000000
46 972 15.127105
902 972 16.782742
195 802 17.385267
495 802 7.520773
495 843 0.000000
153 843 16.306067
153 240 12.888790
240 603 0.000000
603 763 0.000000
73 763 15.782616
73 78 0.000000
78 348 8.323316
348 837 13.622625
662 843 20.869520
78 712 22.650208
711 712 0.000000
711 713 0.000000
21 713 8.398585
21 585 13.623522
585 586 0.000000
586 590 0.000000
479 590 15.643706
477 479 0.000000
135 477 19.818615
135 478 0.000000
478 609 0.000000
609 974 0.000000
46 975 23.062031
550 975 0.000000
505 550 8.332031
286 505 19.240318
286 971 0.000000
713 849 24.387350
501 849 11.816119
501 797 14.178000
480 797 9.659925
37 480 9.196962
37 409 19.885141
409 527 23.537153
480 648 23.571032
31 648 6.478175
31 32 0.000000
32 973 0.000000
543 801 25.752211
736 801 22.589321
458 527 25.873960
395 458 21.882366
344 662 25.970984
342 344 0.000000
342 965 0.000000
756 965 19.642929
439 756 0.000000
439 757 0.000000
196 757 6.832236
71 196 20.001469
71 559 15.435971
559 621 11.995269
621 622 0.000000
433 622 6.065596
433 434 0.000000
434 820 11.868817
353 820 6.689703
355 820 10.670374
185 355 9.816139
474 559 12.804501
355 716 13.462912
716 717 0.000000
717 966 0.000000
718 966 8.877058
294 718 8.626079
294 831 21.695999
831 832 0.000000
832 833 0.000000
299 965 22.312662
487 966 25.354034
229 487 5.364918
229 654 0.000000
654 900 0.000000
900 964 0.000000
715 965 25.714207
114 715 21.787199
114 228 21.089497
228 402 10.924557
402 404 0.000000
404 916 13.362218
19 228 14.958720
19 20 0.000000
20 686 12.337607
450 916 21.016594
49 715 26.462875
597 885 27.469015
597 949 0.000000
51 685 27.778732
51 52 0.000000
52 151 13.090904
263 448 27.825544
448 800 18.136856
800 931 0.000000
17 931 6.673754
17 22 0.000000
22 631 0.000000
427 931 24.595509
427 793 11.018031
254 626 27.958889
419 626 25.945772
419 420 0.000000
420 758 0.000000
94 332 28.114847
94 862 25.172722
282 837 28.175871
282 896 0.000000
260 896 12.052713
260 538 0.000000
182 927 28.579063
138 182 24.434555
138 139 0.000000
139 929 0.000000
398 929 11.866817
497 771 28.614771
462 876 29.196711
109 482 30.595791
88 482 3.928034
88 467 0.000000
467 522 0.000000
468 522 0.000000
468 668 0.000000
58 668 12.100579
54 58 0.000000
54 541 13.439504
541 644 10.186710
644 647 0.000000
83 541 16.161648
83 84 0.000000
84 92 14.015478
92 93 0.000000
949 952 30.837038
408 952 0.000000
357 862 31.301039
37 880 31.553118
406 880 20.550024
672 706 31.805098
667 672 0.000000
727 853 31.817387
726 727 0.000000
552 726 22.264103
552 873 28.536980
850 852 32.199070
818 852 0.000000
618 818 16.106945
616 618 0.000000
616 619 0.000000
619 620 0.000000
818 956 25.167383
171 956 0.000000
171 172 0.000000
172 639 0.000000
351 639 0.000000
5 620 25.569035
5 534 14.081284
173 534 12.805358
173 953 0.000000
5 238 16.977818
238 498 26.212690
498 499 0.000000
184 257 33.301502
374 516 33.448837
241 374 14.951531
374 734 24.721603
734 775 20.468061
775 807 0.000000
591 807 15.892817
591 592 0.000000
313 592 15.495373
308 592 20.374910
308 316 0.000000
316 815 21.063526
593 815 19.885292
593 595 0.000000
594 595 10.569304
511 594 15.894106
164 594 20.549911
316 946 24.112762
7 946 0.000000
7 9 0.000000
9 55 12.102641
9 326 22.033703
100 164 29.200439
241 708 32.837891
45 873 38.016224