75643.655574
827 829 0.000000
436 438 0.000000
832 833 0.000000
831 833 0.000000
17 22 0.000000
830 834 0.000000
77 80 0.000000
677 680 0.000000
75 76 0.000000
676 679 0.000000
18 23 0.000000
828 829 0.000000
675 678 0.000000
73 78 0.000000
433 434 0.000000
19 20 0.000000
462 463 0.000000
467 468 0.000000
824 825 0.000000
823 826 0.000000
671 673 0.000000
477 479 0.000000
483 485 0.000000
484 486 0.000000
488 489 0.000000
667 672 0.000000
64 65 0.000000
95 96 0.000000
333 337 0.000000
334 335 0.000000
334 337 0.000000
691 693 0.000000
108 109 0.000000
342 344 0.000000
343 345 0.000000
860 861 0.000000
13 15 0.000000
361 362 0.000000
378 379 0.000000
380 381 0.000000
688 689 0.000000
666 673 0.000000
384 385 0.000000
386 387 0.000000
846 847 0.000000
845 847 0.000000
92 93 0.000000
402 404 0.000000
840 848 0.000000
839 841 0.000000
416 417 0.000000
419 420 0.000000
423 424 0.000000
426 430 0.000000
83 84 0.000000
41 42 0.000000
756 757 0.000000
575 582 0.000000
578 579 0.000000
578 583 0.000000
581 582 0.000000
644 647 0.000000
43 47 0.000000
585 586 0.000000
760 761 0.000000
585 590 0.000000
760 762 0.000000
591 592 0.000000
593 595 0.000000
604 605 0.000000
616 618 0.000000
616 619 0.000000
616 620 0.000000
766 769 0.000000
621 622 0.000000
630 633 0.000000
31 32 0.000000
54 58 0.000000
492 493 0.000000
492 494 0.000000
498 499 0.000000
817 819 0.000000
813 814 0.000000
504 508 0.000000
512 515 0.000000
663 665 0.000000
521 523 0.000000
524 526 0.000000
803 804 0.000000
659 660 0.000000
794 796 0.000000
51 52 0.000000
554 555 0.000000
558 562 0.000000
558 563 0.000000
564 565 0.000000
566 567 0.000000
789 790 0.000000
754 755 0.000000
788 790 0.000000
572 573 0.000000
709 710 0.000000
712 713 0.000000
220 221 0.000000
901 903 0.000000
225 226 0.000000
225 234 0.000000
230 231 0.000000
230 233 0.000000
711 713 0.000000
236 237 0.000000
720 723 0.000000
719 723 0.000000
724 731 0.000000
726 727 0.000000
883 887 0.000000
877 879 0.000000
7 9 0.000000
124 125 0.000000
728 733 0.000000
874 875 0.000000
704 705 0.000000
729 730 0.000000
731 737 0.000000
8 11 0.000000
180 183 0.000000
0 1 0.000000
156 158 0.000000
152 154 0.000000
160 161 0.000000
163 165 0.000000
716 717 0.000000
166 170 0.000000
168 169 0.000000
171 172 0.000000
176 178 0.000000
918 925 0.000000
180 181 0.000000
145 146 0.000000
912 913 0.000000
203 204 0.000000
203 205 0.000000
208 211 0.000000
209 210 0.000000
212 213 0.000000
138 139 0.000000
137 140 0.000000
217 218 0.000000
113 115 0.000000
308 316 0.000000
310 312 0.000000
317 318 0.000000
319 320 0.000000
319 321 0.000000
695 696 0.000000
866 870 0.000000
324 325 0.000000
327 329 0.000000
112 116 0.000000
328 330 0.000000
111 115 0.000000
302 304 0.000000
692 694 0.000000
121 122 0.000000
455 456 6.413193
771 772 6.413193
932 933 6.784064
437 441 6.963074
289 291 7.221905
920 926 7.479134
872 882 7.821879
607 612 8.434674
969 970 8.717126
717 718 8.877058
412 413 10.184898
594 595 10.569304
889 893 11.248422
219 224 11.455830
393 399 12.386574
751 752 12.403532
353 355 12.885733
403 407 13.899744
84 93 14.015478
877 878 14.385884
863 865 14.571708
410 418 15.022408
518 524 15.853956
473 481 16.104708
267 271 16.148771
623 632 16.398073
186 190 16.562962
244 245 16.650204
790 795 17.052616
514 517 17.518652
128 130 17.643318
177 186 17.819691
519 526 18.665047
582 587 18.915668
77 79 19.005436
293 303 19.014311
268 275 19.061312
638 640 19.189009
478 479 19.818615
320 324 19.919579
85 89 19.957331
920 924 20.102362
140 142 20.416626
2 6 20.643528
978 979 21.186014
246 247 21.345091
292 293 21.524424
309 315 21.878597
490 496 21.881264
528 529 22.235420
923 924 22.362837
386 391 22.904457
782 784 23.115921
942 943 23.190079
692 697 23.296909
643 651 23.568270
302 307 23.806831
252 256 23.949051
533 535 23.949051
64 72 25.009058
666 670 25.282778
255 264 25.946751
968 969 26.834898
39 40 27.251987
340 346 27.258053
971 975 27.550478
490 491 27.700069
927 928 28.332720
934 935 28.334959
32 37 28.381346
294 299 28.449244
410 417 28.536657
964 966 28.854330
358 362 28.937841
970 972 28.969383
739 740 28.969383
942 944 29.168135
291 298 29.168135
153 159 29.320200
810 819 29.575033
958 961 29.897264
27 28 30.277344
690 692 30.777411
62 63 30.811733
949 952 30.837038
684 685 30.838243
592 593 31.333399
222 227 31.954809
850 852 32.199070
793 800 32.542572
693 702 33.021732
21 31 33.045387
630 636 33.333202
923 925 33.333202
649 652 33.333202
977 978 33.738697
284 291 34.453815
948 949 34.472397
905 911 34.722374
53 59 34.732658
99 101 34.736534
201 202 34.999020
364 368 35.048344
634 635 35.074757
754 764 35.364792
807 815 35.490810
569 576 35.591991
876 885 35.685089
539 540 35.746761
189 191 35.789528
277 278 35.804668
308 313 35.853691
83 88 36.215778
60 68 36.247948
972 975 36.328449
750 754 36.720814
453 461 37.266781
178 183 37.349380
375 384 37.520992
888 893 37.526951
67 70 37.776653
276 279 37.782207
474 480 37.970726
202 203 38.083694
973 974 38.327847
487 496 38.397320
157 167 38.667694
496 503 38.685482
745 753 40.003357
696 698 40.444019
837 843 40.493176
507 510 40.569912
361 371 40.762318
560 561 41.134354
549 551 41.157803
133 141 41.171368
778 781 41.579048
14 18 41.681374
856 858 41.703754
268 270 41.703869
433 439 41.842678
955 958 42.060795
780 787 42.060795
446 448 42.562801
817 825 42.743904
812 818 42.841896
259 265 43.009537
425 432 43.112305
580 589 43.227360
741 742 43.389313
848 857 43.502823
736 746 43.581512
25 33 43.717186
810 812 44.194767
953 956 44.406624
171 173 44.406624
466 476 44.887512
842 844 45.138527
251 259 45.166504
115 123 45.247669
298 305 45.486858
191 201 45.697605
957 958 45.863693
599 601 45.940968
52 62 46.000145
316 326 46.142544
608 610 46.168373
344 353 46.168701
424 426 46.179882
132 141 46.502689
545 551 46.989185
38 40 47.139645
262 267 47.502262
8 12 48.210804
165 175 48.591141
345 347 48.699158
406 409 48.876999
677 686 49.073811
210 217 49.231995
929 930 49.323952
896 902 49.801861
302 303 49.801968
921 929 49.816578
570 575 49.892761
307 309 50.017044
123 126 50.196442
948 950 50.321960
774 777 50.647831
448 455 50.689091
956 957 50.932850
184 185 51.220222
954 960 51.387470
198 207 51.613972
324 328 51.702602
485 494 51.947784
927 929 52.446671
843 849 52.490459
821 825 52.517342
360 365 52.703804
742 748 52.753944
515 521 52.976681
358 364 53.006283
127 132 53.450111
445 454 53.542412
544 552 53.817768
416 419 53.906517
217 226 53.934307
785 795 54.040565
57 66 54.059139
235 238 54.059303
447 450 54.725849
129 132 54.864231
642 646 55.031940
693 700 55.390835
967 971 55.573238
706 707 56.526138
366 372 56.627121
322 329 56.741245
199 207 56.790104
274 279 57.265575
556 566 57.269012
756 763 57.564934
74 81 57.831406
102 104 57.832623
549 556 57.913994
691 695 58.247700
854 855 58.418953
965 970 59.037144
70 76 59.037579
951 954 59.072998
921 922 59.180367
81 91 59.555916
783 786 59.721680
35 36 59.758522
187 192 59.885944
674 679 59.985115
638 639 60.000641
976 977 60.028919
907 915 60.052059
42 52 60.092613
571 580 60.107437
269 271 60.149208
870 876 60.259861
935 937 60.392586
625 635 60.392586
479 480 60.454933
192 197 60.472515
788 794 60.822990
857 867 60.891941
513 520 61.392372
930 940 61.714836
107 110 61.757702
961 962 61.791832
865 868 61.864307
25 34 61.953705
119 129 61.989555
965 966 62.244415
101 111 62.345215
941 944 62.427486
962 963 62.673031
873 883 62.682808
888 894 63.614941
681 684 63.618744
495 501 63.773090
382 385 63.858051
737 744 64.085732
265 275 64.130806
543 550 64.842850
71 73 65.016449
881 885 65.218109
82 88 65.448372
253 254 65.564888
195 196 65.809937
471 475 65.838753
150 157 65.851433
250 256 66.104683
739 746 66.290817
884 892 66.370163
126 134 66.502243
285 287 66.688126
389 398 66.881683
363 367 66.965599
457 464 67.042107
715 720 67.106232
529 533 67.185730
615 616 67.334099
673 677 67.775299
715 718 67.802620
456 459 67.932671
646 656 68.246437
629 635 68.268799
628 637 68.338074
767 773 68.826820
641 645 68.840065
908 914 69.172958
436 446 69.571869
562 570 69.718880
659 661 69.738770
944 945 69.929482
18 19 70.134300
963 967 70.283813
421 429 70.691628
370 377 70.710678
939 941 70.803795
540 542 71.047897
89 96 71.436874
639 644 71.542290
853 856 71.893341
904 911 72.236008
461 470 72.431496
371 375 72.457863
439 441 72.495247
315 323 72.504013
799 808 72.820755
300 308 72.892502
608 613 72.946114
489 490 73.072670
349 352 73.701714
338 346 73.878754
804 811 73.961853
705 712 74.204109
905 910 74.278442
267 272 74.426628
331 339 74.447899
735 737 74.449478
761 769 74.533127
891 901 74.536835
188 191 74.611450
194 201 74.639465
537 546 74.900879
861 862 74.934624
60 65 75.092445
250 255 75.319923
947 950 75.563637
497 507 75.597618
94 98 75.734596
792 799 75.918892
603 609 76.474533
289 292 76.667496
387 393 76.771469
435 445 76.923012
245 246 76.963829
103 107 77.014610
393 398 77.045006
860 867 77.373718
738 744 77.467987
40 44 78.005722
117 127 78.117256
213 216 78.127296
114 118 78.138603
495 505 78.399010
699 701 78.630043
895 899 78.849937
228 233 78.865494
929 931 78.870422
46 49 79.048813
669 670 79.447929
859 869 79.752922
205 214 79.761154
607 616 79.901306
273 279 80.171051
363 368 80.307747
228 229 80.449509
473 483 80.500282
344 348 80.555344
242 251 80.878754
48 49 80.954720
797 802 81.725670
679 687 81.786316
381 389 81.969223
508 518 81.991768
651 653 82.736061
546 548 82.794128
357 367 82.802475
454 462 82.933220
144 149 82.945374
749 756 83.179504
509 510 83.246910
634 642 83.331253
120 127 83.333008
36 44 83.379280
772 774 83.538795
323 331 83.757683
791 800 83.797607
305 311 84.246925
441 450 84.515274
827 837 84.621140
662 664 84.968048
452 457 84.975494
394 398 85.246620
513 518 85.310776
275 281 85.332527
15 23 85.402718
23 30 85.402718
139 143 85.450424
583 588 85.837044
959 961 85.842255
337 342 86.139114
768 778 86.499138
764 765 86.924660
653 655 86.961433
169 172 87.133972
664 671 87.286400
174 182 87.443596
871 873 87.524193
79 82 87.542793
744 749 87.704002
863 872 87.839272
264 274 87.949585
405 408 88.142632
867 875 88.276352
940 943 88.490829
833 843 88.555305
601 606 88.600227
269 273 88.639618
551 555 88.810249
415 425 88.944893
816 822 89.000381
534 536 89.025566
945 948 89.288673
780 783 89.650772
862 872 90.039894
626 636 90.168869
282 286 90.181648
16 17 90.329773
705 715 90.527824
931 934 90.775055
174 179 90.949272
354 357 90.970711
328 334 91.017448
558 568 91.232590
356 359 91.444290
516 517 91.950615
947 951 92.142555
747 748 92.237267
232 239 92.293343
359 366 92.368973
836 845 92.818466
101 107 93.181114
116 120 93.203529
556 558 93.303558
805 809 93.419159
281 288 93.486664
143 152 93.665817
400 402 93.741539
681 682 93.749496
591 597 93.766052
521 528 93.920952
920 928 94.040199
511 516 94.137733
392 394 94.145409
34 43 94.277214
427 436 94.712387
94 103 94.920219
572 581 94.958481
332 339 95.021225
235 242 95.091385
464 473 95.553558
452 456 96.009872
428 433 96.130051
263 270 96.191032
170 180 96.376518
624 626 96.538925
873 876 96.770714
597 605 96.906166
24 25 96.992348
373 376 97.182671
10 16 97.193016
906 909 97.422852
444 447 97.809792
977 4 98.108627
214 224 98.122154
707 709 98.223740
431 435 98.314064
249 257 98.358696
341 350 98.482262
288 296 98.659203
560 569 98.670685
412 421 98.843124
430 438 99.416512
66 67 99.463226
146 155 99.983147
761 768 100.158577
422 431 100.264145
686 688 100.850876
654 662 101.019119
131 134 101.034225
468 469 101.201736
500 504 101.215157
929 938 101.366081
302 306 101.616348
715 724 101.896835
351 361 102.047562
627 628 102.115448
294 297 102.131012
352 355 102.159981
801 802 102.397736
131 138 102.584709
753 760 102.932327
420 426 104.298889
656 661 104.462936
832 834 104.676559
613 623 104.712074
44 53 104.905792
444 453 104.946320
674 682 105.004250
835 836 105.044724
761 765 105.146851
776 777 105.317505
568 574 105.352486
532 535 106.586731
249 256 106.586731
443 446 106.667542
776 780 106.684601
632 634 106.719681
56 60 106.751366
336 345 106.808647
287 295 106.899658
279 287 106.899658
847 848 106.955765
464 469 107.173668
322 325 107.244087
301 306 107.277298
536 545 107.328011
442 452 107.671898
897 902 107.877556
531 537 108.197365
568 577 108.224121
136 144 108.310898
637 641 108.434074
932 934 108.491524
315 320 108.841873
127 128 109.252129
625 631 109.529236
427 432 110.509415
158 168 110.564171
148 151 110.583084
185 195 110.725410
946 949 110.811882
656 665 110.895020
216 218 110.991028
972 974 111.632568
274 283 111.803398
95 102 111.809425
851 853 112.067978
725 729 112.119919
374 379 112.196877
22 26 112.244301
768 777 112.656082
47 56 112.993263
475 484 113.043106
835 838 113.227142
534 541 113.275299
800 805 113.438232
867 877 113.438232
50 55 113.480583
600 602 113.553108
678 684 113.668457
337 347 113.740868
343 351 113.835106
460 462 114.002792
487 495 114.055069
497 502 114.065460
180 187 114.798294
913 914 115.274620
821 828 115.612282
465 471 115.822357
350 352 115.948013
400 409 116.193420
898 904 116.453957
3 11 116.515030
413 423 116.544479
623 627 116.871887
736 744 117.349319
314 323 117.537544
441 451 117.642349
960 964 117.814362
10 11 117.852737
694 703 118.390579
687 692 118.390579
103 112 118.436905
552 557 118.440285
480 487 118.591797
805 811 118.818649
463 472 118.835579
602 612 118.963608
141 144 119.062225
174 175 119.077385
227 237 120.051537
900 903 120.132225
157 158 120.157349
388 390 120.239250
64 71 120.623375
847 854 120.670158
182 188 121.644569
773 779 121.699677
354 360 121.849579
197 200 122.171837
149 150 122.576164
242 252 122.630615
167 175 122.744278
407 411 123.286140
732 735 123.291214
295 297 123.968224
809 816 124.654282
611 612 125.124001
522 523 125.863869
933 936 126.398598
891 894 126.929405
576 580 126.967552
492 498 126.988548
888 897 127.417908
407 414 128.075699
145 147 128.354050
770 771 128.716934
193 194 129.101395
907 908 129.268906
889 892 129.874985
807 814 130.007797
404 414 130.068390
650 651 130.134659
25 27 130.170929
73 77 130.199280
121 123 130.204010
214 223 130.410080
206 214 130.410080
222 232 131.291321
801 810 131.604797
850 859 131.732681
99 105 131.941467
414 422 132.523590
500 502 132.665253
820 827 132.760300
278 288 132.898026
37 46 132.991135
109 118 133.240601
538 543 133.286285
550 555 133.653748
564 571 133.745148
45 52 133.819443
851 855 133.836807
52 60 133.922470
159 162 134.170517
574 578 134.205399
909 915 134.371887
834 844 134.556610
836 842 135.548889
154 160 135.862259
401 405 135.925171
124 130 135.947723
363 373 136.059280
15 21 136.288376
524 530 136.562973
577 580 136.635864
809 814 136.748276
3 9 136.969559
179 180 137.397385
288 290 137.435623
201 210 137.623993
798 804 137.753357
887 890 138.285202
254 263 138.474640
658 666 138.554794
550 559 138.884628
318 328 139.266525
588 596 139.842087
701 707 140.089264
641 651 140.297836
598 602 140.536133
422 427 140.794128
665 674 141.347153
657 660 141.504013
224 230 141.513809
890 900 141.633286
531 536 141.833374
45 50 142.050095
395 400 142.736130
6 9 142.795639
792 794 142.956436
193 196 143.131943
451 457 143.285233
82 90 143.317734
648 654 143.328568
522 525 144.244995
804 808 144.290054
377 386 144.498901
280 284 144.512024
465 466 144.590744
668 673 145.641876
617 627 145.812210
440 445 146.399841
460 465 146.471359
527 532 147.666672
87 94 148.028915
654 657 148.344513
832 839 148.805374
239 247 148.823517
207 213 148.924164
261 264 148.949631
141 151 148.962418
826 830 149.151596
859 868 149.185791
544 547 149.846542
579 584 150.151993
719 721 150.245346
26 29 150.848404
91 98 150.948685
506 514 151.098022
775 785 151.378174
913 919 151.804367
916 917 153.583832
105 109 153.630692
365 372 153.658783
508 517 153.888992
286 294 153.929123
43 49 154.056931
366 374 154.930161
482 483 155.062637
535 545 155.270889
236 243 155.282822
396 402 155.473770
232 234 155.498825
332 340 156.075714
626 631 156.213745
822 823 156.233673
241 244 156.744446
48 54 158.710709
589 597 158.747589
242 243 158.835861
382 383 158.993820
759 765 159.275635
258 261 159.595367
910 914 159.629471
300 301 159.729279
737 745 160.009644
98 104 160.421585
722 725 161.236191
58 66 161.523376
619 624 162.658707
449 455 163.320923
303 310 163.834839
733 743 163.842941
726 732 163.946335
492 502 164.283142
767 775 164.352036
781 791 165.358917
22 28 165.412369
806 813 165.910294
53 61 165.957458
784 793 166.047073
372 377 166.665619
208 216 166.817307
408 411 167.730972
503 512 167.832504
240 249 167.889359
213 221 168.023148
752 758 168.894699
85 90 168.907822
727 734 170.934708
396 397 171.547104
90 97 171.646439
240 248 172.605881
263 266 172.691345
599 600 173.370331
865 871 173.513290
28 38 174.270508
162 171 175.554489
552 560 175.952026
392 397 176.459488
553 563 176.511337
450 458 176.520126
911 921 177.888962
859 864 178.484818
728 738 179.363403
976 6 179.636749
589 599 180.005371
177 182 180.570038
903 908 181.404831
606 614 181.409042
702 707 181.412964
509 515 185.172028
390 400 186.320786
5 14 187.435181
260 267 189.482132
146 148 190.263763
708 714 190.451401
215 225 193.544739
295 304 193.840958
748 755 195.647202
743 752 197.751022
725 733 198.014496
906 916 198.844040
697 701 198.853012
81 86 200.063568
360 369 200.693268
881 886 201.925827
611 621 202.107971
649 655 204.626190
892 895 208.233856
603 611 208.647278
703 708 208.694122
540 547 209.344910
140 149 210.832962
966 976 213.244873
629 638 214.177185
683 693 215.995743
588 590 230.316528
164 170 242.605362
135 142 243.563156
69 76 247.615936
98 106 266.273071
100 102 267.441956
658 667 279.456421
880 890 284.072876
0 10 306.627625