75643.655574
0 1 0.000000
1 10 306.627625
10 16 97.193016
16 22 90.329773
17 22 0.000000
17 26 112.244301
10 11 117.852737
8 11 0.000000
8 12 48.210804
3 8 116.515030
3 9 136.969559
7 9 0.000000
6 7 142.795639
2 6 20.643528
26 29 150.848404
22 28 165.412369
27 28 30.277344
25 27 130.170929
25 33 43.717186
25 34 61.953705
34 43 94.277214
43 47 0.000000
24 25 96.992348
47 56 112.993263
56 60 106.751366
60 68 36.247948
60 65 75.092445
64 65 0.000000
64 72 25.009058
64 71 120.623375
71 78 65.016449
73 78 0.000000
73 80 130.199280
77 80 0.000000
77 79 19.005436
79 82 87.542793
82 88 65.448372
84 88 36.215778
83 84 0.000000
83 93 14.015478
92 93 0.000000
52 60 133.922470
51 52 0.000000
52 62 46.000145
62 63 30.811733
42 51 60.092613
41 42 0.000000
45 51 133.819443
45 50 142.050095
50 55 113.480583
82 90 143.317734
47 49 154.056931
46 49 79.048813
48 49 80.954720
37 46 132.991135
32 37 28.381346
31 32 0.000000
21 31 33.045387
21 30 136.288376
23 30 85.402718
18 23 0.000000
14 18 41.681374
18 20 70.134300
19 20 0.000000
15 18 85.402718
13 15 0.000000
48 58 158.710709
54 58 0.000000
58 66 161.523376
57 66 54.059139
66 67 99.463226
67 70 37.776653
70 76 59.037579
75 76 0.000000
85 90 168.907822
85 89 19.957331
89 96 71.436874
95 96 0.000000
95 102 111.809425
102 104 57.832623
98 104 160.421585
94 98 75.734596
94 103 94.920219
103 107 77.014610
107 110 61.757702
101 107 93.181114
99 101 34.736534
101 111 62.345215
111 115 0.000000
113 115 0.000000
113 123 45.247669
123 126 50.196442
126 134 66.502243
131 134 101.034225
131 139 102.584709
138 139 0.000000
138 143 85.450424
143 152 93.665817
152 154 0.000000
103 112 118.436905
112 116 0.000000
116 120 93.203529
120 127 83.333008
127 132 53.450111
132 141 46.502689
133 141 41.171368
129 132 54.864231
119 129 61.989555
117 127 78.117256
127 128 109.252129
128 130 17.643318
141 144 119.062225
144 149 82.945374
136 144 108.310898
149 150 122.576164
150 157 65.851433
157 167 38.667694
157 158 120.157349
156 158 0.000000
158 168 110.564171
168 169 0.000000
169 172 87.133972
171 172 0.000000
171 173 44.406624
167 175 122.744278
165 175 48.591141
163 165 0.000000
174 175 119.077385
174 182 87.443596
174 179 90.949272
182 188 121.644569
188 191 74.611450
189 191 35.789528
191 201 45.697605
201 202 34.999020
202 205 38.083694
204 205 0.000000
203 204 0.000000
194 201 74.639465
204 214 79.761154
214 224 98.122154
219 224 11.455830
193 194 129.101395
122 123 130.204010
121 122 0.000000
214 223 130.410080
206 214 130.410080
99 105 131.941467
154 161 135.862259
160 161 0.000000
125 130 135.947723
124 125 0.000000
179 183 137.397385
181 183 0.000000
180 181 0.000000
178 180 37.349380
176 178 0.000000
170 180 96.376518
166 170 0.000000
180 187 114.798294
187 192 59.885944
192 197 60.472515
197 200 122.171837
201 210 137.623993
209 210 0.000000
209 218 49.231995
217 218 0.000000
217 226 53.934307
226 234 0.000000
225 234 0.000000
216 217 110.991028
213 216 78.127296
212 213 0.000000
224 233 141.513809
231 233 0.000000
230 231 0.000000
228 230 78.865494
228 229 80.449509
193 196 143.131943
195 196 65.809937
185 195 110.725410
184 185 51.220222
87 94 148.028915
207 212 148.924164
198 207 51.613972
199 207 56.790104
141 151 148.962418
148 151 110.583084
91 98 150.948685
81 91 59.555916
74 81 57.831406
105 109 153.630692
108 109 0.000000
108 118 133.240601
114 118 78.138603
225 232 155.498825
232 239 92.293343
222 232 131.291321
222 227 31.954809
227 237 120.051537
236 237 0.000000
239 247 148.823517
246 247 21.345091
245 246 76.963829
244 245 16.650204
236 243 155.282822
241 244 156.744446
242 243 158.835861
242 251 80.878754
251 259 45.166504
259 265 43.009537
265 275 64.130806
268 275 19.061312
268 270 41.703869
275 281 85.332527
281 288 93.486664
235 242 95.091385
235 238 54.059303
263 270 96.191032
288 296 98.659203
242 252 122.630615
252 256 23.949051
250 256 66.104683
250 255 75.319923
255 264 25.946751
264 274 87.949585
274 279 57.265575
276 279 37.782207
273 279 80.171051
269 273 88.639618
269 271 60.149208
267 271 16.148771
262 267 47.502262
267 272 74.426628
249 256 106.586731
249 257 98.358696
279 287 106.899658
285 287 66.688126
287 295 106.899658
274 283 111.803398
295 297 123.968224
294 297 102.131012
294 299 28.449244
278 288 132.898026
277 278 35.804668
288 290 137.435623
254 263 138.474640
253 254 65.564888
261 264 148.949631
286 294 153.929123
282 286 90.181648
258 261 159.595367
211 216 166.817307
208 211 0.000000
240 249 167.889359
212 221 168.023148
220 221 0.000000
90 97 171.646439
240 248 172.605881
263 266 172.691345
28 38 174.270508
38 40 47.139645
39 40 27.251987
40 44 78.005722
36 44 83.379280
35 36 59.758522
44 53 104.905792
53 59 34.732658
53 61 165.957458
162 171 175.554489
159 162 134.170517
153 159 29.320200
976 6 179.636749
976 977 60.028919
977 978 33.738697
978 979 21.186014
977 4 98.108627
177 182 180.570038
177 186 17.819691
186 190 16.562962
5 14 187.435181
260 267 189.482132
146 148 190.263763
145 146 0.000000
145 155 99.983147
145 147 128.354050
215 225 193.544739
295 304 193.840958
302 304 0.000000
302 307 23.806831
302 303 49.801968
293 303 19.014311
292 293 21.524424
307 309 50.017044
309 315 21.878597
315 323 72.504013
289 292 76.667496
289 291 7.221905
291 298 29.168135
284 291 34.453815
298 305 45.486858
323 331 83.757683
331 339 74.447899
305 311 84.246925
332 339 95.021225
302 306 101.616348
301 306 107.277298
315 321 108.841873
320 321 0.000000
319 320 0.000000
319 325 19.919579
324 325 0.000000
324 330 51.702602
328 330 0.000000
328 337 91.017448
335 337 0.000000
334 335 0.000000
333 334 0.000000
334 344 86.139114
342 344 0.000000
344 353 46.168701
353 355 12.885733
342 348 80.555344
352 355 102.159981
349 352 73.701714
322 324 107.244087
322 329 56.741245
327 329 0.000000
337 347 113.740868
345 347 48.699158
343 345 0.000000
336 343 106.808647
343 351 113.835106
351 361 102.047562
361 362 0.000000
358 362 28.937841
362 371 40.762318
358 364 53.006283
364 368 35.048344
371 375 72.457863
375 385 37.520992
384 385 0.000000
382 384 63.858051
363 368 80.307747
363 367 66.965599
357 367 82.802475
354 357 90.970711
350 352 115.948013
341 350 98.482262
314 323 117.537544
354 360 121.849579
360 365 52.703804
363 373 136.059280
373 376 97.182671
318 328 139.266525
317 318 0.000000
280 284 144.512024
365 372 153.658783
366 372 56.627121
359 366 92.368973
356 359 91.444290
366 374 154.930161
374 379 112.196877
378 379 0.000000
332 340 156.075714
340 346 27.258053
338 346 73.878754
382 383 158.993820
300 301 159.729279
300 308 72.892502
308 316 0.000000
313 316 35.853691
316 326 46.142544
303 312 163.834839
310 312 0.000000
372 377 166.665619
370 377 70.710678
377 387 144.498901
386 387 0.000000
386 391 22.904457
386 393 76.771469
393 399 12.386574
393 398 77.045006
389 398 66.881683
381 389 81.969223
380 381 0.000000
394 398 85.246620
392 394 94.145409
392 397 176.459488
396 397 171.547104
396 404 155.473770
402 404 0.000000
400 402 93.741539
400 409 116.193420
406 409 48.876999
404 414 130.068390
407 414 128.075699
403 407 13.899744
407 411 123.286140
414 422 132.523590
422 431 100.264145
431 435 98.314064
435 445 76.923012
445 454 53.542412
454 463 82.933220
462 463 0.000000
460 462 114.002792
462 472 118.835579
422 427 140.794128
427 436 94.712387
436 438 0.000000
438 446 69.571869
446 448 42.562801
448 455 50.689091
455 456 6.413193
456 459 67.932671
452 456 96.009872
452 457 84.975494
457 464 67.042107
464 473 95.553558
473 481 16.104708
473 483 80.500282
483 485 0.000000
485 494 51.947784
493 494 0.000000
492 493 0.000000
430 438 99.416512
426 430 0.000000
424 426 46.179882
423 424 0.000000
420 426 104.298889
419 420 0.000000
417 419 53.906517
416 417 0.000000
410 416 28.536657
410 418 15.022408
443 446 106.667542
464 469 107.173668
468 469 101.201736
467 468 0.000000
442 452 107.671898
427 432 110.509415
425 432 43.112305
415 425 88.944893
413 423 116.544479
412 413 10.184898
412 421 98.843124
421 429 70.691628
492 499 126.988548
498 499 0.000000
395 400 142.736130
451 457 143.285233
441 451 117.642349
437 441 6.963074
439 441 72.495247
434 439 41.842678
433 434 0.000000
441 450 84.515274
447 450 54.725849
428 433 96.130051
444 447 97.809792
444 453 104.946320
453 461 37.266781
461 470 72.431496
440 445 146.399841
460 465 146.471359
465 471 115.822357
471 475 65.838753
475 484 113.043106
484 486 0.000000
465 466 144.590744
466 476 44.887512
482 485 155.062637
449 455 163.320923
492 502 164.283142
497 502 114.065460
497 507 75.597618
507 510 40.569912
509 510 83.246910
500 502 132.665253
500 508 101.215157
504 508 0.000000
508 518 81.991768
518 526 15.853956
524 526 0.000000
519 524 18.665047
513 518 85.310776
513 520 61.392372
524 530 136.562973
508 517 153.888992
514 517 17.518652
516 517 91.950615
511 516 94.137733
506 514 151.098022
408 411 167.730972
405 408 88.142632
401 405 135.925171
450 458 176.520126
509 515 185.172028
512 515 0.000000
515 523 52.976681
521 523 0.000000
521 528 93.920952
528 529 22.235420
529 533 67.185730
533 535 23.949051
532 535 106.586731
521 522 125.863869
522 525 144.244995
527 532 147.666672
535 545 155.270889
545 551 46.989185
549 551 41.157803
549 556 57.913994
556 566 57.269012
566 567 0.000000
551 555 88.810249
554 555 0.000000
556 563 93.303558
562 563 0.000000
558 562 0.000000
562 570 69.718880
570 575 49.892761
575 582 0.000000
581 582 0.000000
581 587 18.915668
558 568 91.232590
573 581 94.958481
572 573 0.000000
568 574 105.352486
536 545 107.328011
534 536 89.025566
568 577 108.224121
534 541 113.275299
550 554 133.653748
543 550 64.842850
538 543 133.286285
574 583 134.205399
579 583 0.000000
578 579 0.000000
578 588 85.837044
577 580 136.635864
580 589 43.227360
571 580 60.107437
576 580 126.967552
569 576 35.591991
560 569 98.670685
560 561 41.134354
565 571 133.745148
564 565 0.000000
550 559 138.884628
588 596 139.842087
531 536 141.833374
531 537 108.197365
537 546 74.900879
546 548 82.794128
578 584 150.151993
589 597 158.747589
592 597 93.766052
591 592 0.000000
591 595 31.333399
593 595 0.000000
593 594 10.569304
597 605 96.906166
604 605 0.000000
503 512 167.832504
496 503 38.685482
490 496 21.881264
490 491 27.700069
487 496 38.397320
489 490 73.072670
488 489 0.000000
487 495 114.055069
495 501 63.773090
495 505 78.399010
480 487 118.591797
474 480 37.970726
479 480 60.454933
477 479 0.000000
477 478 19.818615
552 560 175.952026
544 552 53.817768
552 557 118.440285
544 547 149.846542
553 558 176.511337
589 599 180.005371
599 601 45.940968
601 606 88.600227
599 600 173.370331
600 602 113.553108
602 612 118.963608
607 612 8.434674
607 616 79.901306
616 620 0.000000
619 620 0.000000
618 619 0.000000
615 618 67.334099
611 612 125.124001
598 602 140.536133
618 624 162.658707
624 626 96.538925
626 636 90.168869
633 636 33.333202
630 633 0.000000
626 631 156.213745
625 631 109.529236
625 635 60.392586
634 635 35.074757
629 635 68.268799
634 642 83.331253
642 646 55.031940
646 656 68.246437
656 661 104.462936
660 661 69.738770
659 660 0.000000
632 634 106.719681
623 632 16.398073
613 623 104.712074
608 613 72.946114
608 610 46.168373
656 665 110.895020
663 665 0.000000
623 627 116.871887
627 628 102.115448
628 637 68.338074
637 641 108.434074
641 645 68.840065
641 651 140.297836
643 651 23.568270
651 653 82.736061
653 655 86.961433
650 651 130.134659
665 674 141.347153
674 679 59.985115
676 679 0.000000
679 687 81.786316
674 682 105.004250
681 682 93.749496
681 684 63.618744
684 685 30.838243
678 684 113.668457
675 678 0.000000
687 694 118.390579
692 694 0.000000
692 697 23.296909
690 692 30.777411
694 703 118.390579
657 659 141.504013
617 627 145.812210
654 657 148.344513
654 662 101.019119
662 664 84.968048
664 673 87.286400
671 673 0.000000
666 671 0.000000
666 670 25.282778
671 680 67.775299
677 680 0.000000
677 686 49.073811
669 670 79.447929
686 689 100.850876
688 689 0.000000
658 666 138.554794
648 654 143.328568
666 668 145.641876
606 614 181.409042
390 400 186.320786
388 390 120.239250
697 701 198.853012
699 701 78.630043
701 707 140.089264
706 707 56.526138
707 710 98.223740
709 710 0.000000
702 707 181.412964
693 702 33.021732
691 693 0.000000
691 700 55.390835
691 696 58.247700
695 696 0.000000
695 698 40.444019
81 86 200.063568
360 369 200.693268
611 621 202.107971
621 622 0.000000
649 655 204.626190
649 652 33.333202
603 611 208.647278
603 609 76.474533
703 708 208.694122
708 714 190.451401
540 547 209.344910
539 540 35.746761
540 542 71.047897
140 149 210.832962
137 140 0.000000
137 142 20.416626
966 976 213.244873
964 966 28.854330
965 966 62.244415
965 970 59.037144
969 970 8.717126
968 969 26.834898
970 972 28.969383
972 975 36.328449
971 975 27.550478
967 971 55.573238
963 967 70.283813
962 963 62.673031
961 962 61.791832
958 961 29.897264
955 958 42.060795
957 958 45.863693
956 957 50.932850
953 956 44.406624
959 961 85.842255
972 974 111.632568
973 974 38.327847
960 964 117.814362
954 960 51.387470
951 954 59.072998
947 951 92.142555
947 950 75.563637
948 950 50.321960
948 949 34.472397
949 952 30.837038
945 948 89.288673
944 945 69.929482
942 944 29.168135
942 943 23.190079
941 944 62.427486
939 941 70.803795
940 943 88.490829
930 940 61.714836
929 930 49.323952
921 929 49.816578
927 929 52.446671
927 928 28.332720
921 922 59.180367
929 931 78.870422
931 934 90.775055
934 935 28.334959
935 937 60.392586
920 928 94.040199
920 926 7.479134
920 924 20.102362
923 924 22.362837
923 925 33.333202
918 925 0.000000
929 938 101.366081
932 934 108.491524
932 933 6.784064
946 949 110.811882
933 936 126.398598
911 921 177.888962
905 911 34.722374
904 911 72.236008
905 910 74.278442
898 904 116.453957
910 914 159.629471
908 914 69.172958
913 914 115.274620
912 913 0.000000
907 908 129.268906
907 915 60.052059
909 915 134.371887
906 909 97.422852
912 919 151.804367
903 908 181.404831
901 903 0.000000
891 901 74.536835
900 901 120.132225
891 894 126.929405
888 894 63.614941
888 893 37.526951
889 893 11.248422
888 897 127.417908
897 902 107.877556
896 902 49.801861
889 892 129.874985
884 892 66.370163
890 900 141.633286
887 890 138.285202
883 887 0.000000
873 883 62.682808
871 873 87.524193
873 876 96.770714
876 885 35.685089
870 876 60.259861
866 870 0.000000
881 885 65.218109
865 871 173.513290
863 865 14.571708
865 868 61.864307
863 872 87.839272
872 882 7.821879
862 872 90.039894
861 862 74.934624
860 861 0.000000
860 867 77.373718
857 867 60.891941
848 857 43.502823
840 848 0.000000
867 875 88.276352
874 875 0.000000
840 847 106.955765
846 847 0.000000
845 846 0.000000
836 845 92.818466
835 836 105.044724
835 838 113.227142
867 877 113.438232
877 879 0.000000
878 879 14.385884
845 854 120.670158
854 855 58.418953
851 855 133.836807
851 853 112.067978
853 856 71.893341
856 858 41.703754
836 842 135.548889
842 844 45.138527
834 844 134.556610
830 834 0.000000
830 833 104.676559
832 833 0.000000
831 832 0.000000
833 843 88.555305
837 843 40.493176
843 849 52.490459
829 837 84.621140
828 829 0.000000
827 828 0.000000
821 827 115.612282
821 825 52.517342
824 825 0.000000
819 824 42.743904
817 819 0.000000
810 817 29.575033
810 812 44.194767
812 818 42.841896
801 810 131.604797
801 802 102.397736
797 802 81.725670
820 827 132.760300
831 841 148.805374
839 841 0.000000
826 830 149.151596
823 826 0.000000
859 868 149.185791
859 869 79.752922
850 859 131.732681
850 852 32.199070
822 823 156.233673
816 822 89.000381
809 816 124.654282
805 809 93.419159
800 805 113.438232
793 800 32.542572
791 800 83.797607
805 811 118.818649
804 811 73.961853
803 804 0.000000
809 814 136.748276
813 814 0.000000
807 813 130.007797
807 815 35.490810
798 803 137.753357
803 808 144.290054
799 808 72.820755
792 799 75.918892
792 796 142.956436
794 796 0.000000
790 794 60.822990
789 790 0.000000
788 789 0.000000
788 795 17.052616
785 795 54.040565
775 785 151.378174
767 775 164.352036
767 773 68.826820
773 779 121.699677
781 791 165.358917
778 781 41.579048
768 778 86.499138
762 768 100.158577
761 762 0.000000
760 761 0.000000
760 769 74.533127
766 769 0.000000
753 760 102.932327
745 753 40.003357
760 765 105.146851
764 765 86.924660
755 764 35.364792
754 755 0.000000
750 754 36.720814
768 777 112.656082
774 777 50.647831
772 774 83.538795
771 772 6.413193
776 777 105.317505
776 780 106.684601
780 787 42.060795
780 783 89.650772
783 786 59.721680
770 771 128.716934
759 765 159.275635
737 745 160.009644
731 737 0.000000
724 731 0.000000
737 744 64.085732
731 735 74.449478
738 744 77.467987
744 749 87.704002
749 757 83.179504
756 757 0.000000
756 763 57.564934
715 724 101.896835
715 723 67.106232
720 723 0.000000
719 720 0.000000
715 718 67.802620
717 718 8.877058
716 717 0.000000
705 715 90.527824
704 705 0.000000
704 713 74.204109
712 713 0.000000
711 712 0.000000
736 744 117.349319
736 746 43.581512
739 746 66.290817
739 740 28.969383
732 735 123.291214
719 721 150.245346
727 732 163.946335
726 727 0.000000
806 813 165.910294
784 793 166.047073
782 784 23.115921
726 734 170.934708
859 864 178.484818
733 738 179.363403
728 733 0.000000
733 743 163.842941
748 754 195.647202
742 748 52.753944
741 742 43.389313
747 748 92.237267
743 752 197.751022
751 752 12.403532
752 758 168.894699
725 728 198.014496
725 730 112.119919
729 730 0.000000
722 725 161.236191
906 916 198.844040
916 917 153.583832
881 886 201.925827
892 895 208.233856
895 899 78.849937
629 638 214.177185
638 640 19.189009
638 639 60.000641
639 647 71.542290
644 647 0.000000
683 691 215.995743
588 590 230.316528
586 590 0.000000
585 586 0.000000
164 166 242.605362
135 142 243.563156
69 75 247.615936
98 106 266.273071
100 102 267.441956
658 667 279.456421
667 672 0.000000
880 890 284.072876