8733.599212
51 52 1.003230
106 107 1.414181
45 47 2.778906
172 173 2.791157
47 51 2.900419
51 53 3.867298
78 80 3.947292
23 25 4.004242
48 54 4.443359
37 40 5.344460
40 45 5.457490
8 9 6.009614
41 43 6.482687
41 48 6.484276
52 55 6.509375
43 45 6.968050
55 57 7.682813
124 125 7.821931
39 42 7.905694
109 111 7.954194
40 42 8.433742
48 49 8.680805
188 190 9.249964
29 31 9.546849
46 50 9.577381
33 39 9.827334
122 123 10.221906
131 133 11.070008
190 191 11.482792
160 162 11.602087
34 41 11.659839
94 95 12.110681
65 66 12.376493
38 46 12.484520
31 34 12.745638
33 38 12.792602
84 85 12.888401
58 61 13.405899
30 31 14.445312
60 66 15.554688
17 20 15.698373
98 100 16.353367
92 95 16.723284
94 96 19.135101
177 179 19.199278
176 180 19.254641
145 148 19.434273
66 72 19.447290
57 60 19.470284
74 77 19.646818
91 94 19.646872
21 28 19.738247
143 149 20.001923
137 138 20.387457
149 152 20.524443
182 185 20.909819
185 186 21.270069
104 105 21.959301
36 38 22.882788
27 28 23.611004
115 116 23.753645
114 115 24.152988
162 163 24.174379
136 139 24.774065
186 189 25.211298
149 153 25.388342
139 144 25.611692
171 178 25.764585
141 145 25.841864
157 158 25.847757
104 106 25.980036
65 67 25.987411
63 69 26.058809
71 74 26.227060
108 112 26.287914
157 161 26.339647
76 78 26.589121
153 156 26.727154
187 190 26.899923
80 82 27.069344
56 63 27.294767
136 141 27.588793
128 134 28.060171
93 98 30.081987
142 147 30.111631
22 24 30.306704
56 59 31.289112
89 93 32.304890
100 103 32.670361
173 178 32.777462
63 67 32.944973
27 32 33.177273
26 36 33.426159
166 169 33.473312
172 174 33.610519
169 170 33.983124
88 89 34.047531
132 134 34.319096
87 91 34.823490
178 185 34.964092
82 87 35.187557
164 167 35.400940
150 154 35.529877
68 73 36.278378
80 83 36.898479
119 120 37.025902
175 181 37.126366
111 114 37.251049
166 167 37.514614
130 135 37.554245
180 183 37.735836
151 152 37.869812
183 187 38.168888
161 166 38.600567
69 76 38.743999
103 110 38.773445
28 36 38.834377
36 44 39.791679
10 13 40.354855
168 171 41.280506
169 179 42.025162
177 180 42.421978
134 135 42.696552
73 77 43.231457
146 151 43.243492
140 143 43.380920
116 120 44.738556
126 131 44.996677
14 18 45.291737
124 126 46.275158
17 27 47.180939
96 104 47.356045
188 189 48.005077
168 175 48.303589
20 23 49.319038
79 86 49.554962
90 92 49.571739
133 136 49.623585
13 16 49.993473
9 11 50.157372
122 127 50.338535
165 170 50.615780
179 184 51.059807
59 68 51.167404
162 168 51.512299
75 79 53.285000
107 109 54.112289
74 75 54.946716
12 13 57.354637
146 150 57.670467
138 143 58.551704
150 157 58.960175
70 75 60.681469
187 192 60.783447
134 142 61.983452
147 154 62.917316
137 141 63.341747
112 113 63.809174
119 127 65.729088
101 102 65.796791
189 193 66.677658
12 22 66.717865
120 128 67.660965
159 165 68.342796
5 7 69.183678
99 109 69.447525
11 14 71.212959
148 155 74.537056
116 117 77.888840
12 15 77.936745
92 102 79.212029
112 118 84.592857
16 25 86.426659
126 129 88.201736
89 97 89.654091
118 121 91.177414
101 108 97.280640
7 15 101.501450
6 10 107.443207
4 8 108.771118
79 81 110.378426
11 21 112.565865
62 64 116.697121
58 62 119.318031
81 88 121.405014
84 89 135.217880
1 3 150.172211
3 6 161.337051
61 70 172.439377
1 2 195.133530
15 19 282.815826
0 5 329.009918
25 35 362.170776