38128.301564
0 1 372.095032
1 2 195.133530
2 3 232.897797
3 4 384.963440
4 5 509.634583
5 6 236.750504
6 7 201.198135
7 8 440.348480
8 9 6.009614
9 10 303.906342
10 11 320.748901
11 12 374.243134
12 13 57.354637
13 14 386.153259
14 15 520.555908
15 16 183.122955
16 17 130.079575
17 18 225.000687
18 19 811.950073
19 20 571.668030
20 21 73.318146
21 22 277.223907
22 23 159.151001
23 24 130.279999
24 25 126.952911
25 26 165.554688
26 27 67.054192
27 28 23.611004
28 29 107.085335
29 30 23.930950
30 31 14.445312
31 32 150.863007
32 33 117.688934
33 34 28.972101
34 35 576.109985
35 36 514.164062
36 37 49.597992
37 38 26.946760
38 39 17.222656
39 40 11.679102
40 41 14.235861
41 42 22.250427
42 43 15.835938
43 44 95.839554
44 45 89.466461
45 46 22.501709
46 47 20.922661
47 48 13.338821
48 49 8.680805
49 50 51.128239
50 51 30.000000
51 52 1.003230
52 53 4.522868
53 54 8.907911
54 55 18.545380
55 56 103.892662
56 57 96.388313
57 58 519.200012
58 59 392.783630
59 60 113.496689
60 61 504.747406
61 62 119.738426
62 63 555.279114
63 64 671.942871
64 65 728.897095
65 66 12.376493
66 67 37.879299
67 68 119.730713
68 69 75.503975
69 70 251.673492
70 71 120.285362
71 72 213.895142
72 73 174.714127
73 74 52.711987
74 75 54.946716
75 76 210.358261
76 77 141.984421
77 78 129.207047
78 79 239.187469
79 80 241.667969
80 81 351.976990
81 82 331.061646
82 83 53.886719
83 84 664.172668
84 85 12.888401
85 86 434.182983
86 87 158.232529
87 88 419.738190
88 89 34.047531
89 90 391.745178
90 91 81.518463
91 92 35.978088
92 93 423.616760
93 94 444.450073
94 95 12.110681
95 96 26.720079
96 97 553.616333
97 98 118.609375
98 99 520.005981
99 100 504.733643
100 101 261.848450
101 102 65.796791
102 103 327.225586
103 104 431.145172
104 105 21.959301
105 106 44.615105
106 107 1.414181
107 108 274.914825
108 109 326.181458
109 110 525.832336
110 111 527.549438
111 112 335.175079
112 113 63.809174
113 114 383.055573
114 115 24.152988
115 116 23.753645
116 117 77.888840
117 118 198.501953
118 119 331.819580
119 120 37.025902
120 121 208.285645
121 122 323.925049
122 123 10.221906
123 124 541.732056
124 125 7.821931
125 126 53.896378
126 127 543.457336
127 128 99.688400
128 129 528.336609
129 130 475.042969
130 131 376.173462
131 132 463.661407
132 133 460.291504
133 134 426.681000
134 135 42.696552
135 136 349.212921
136 137 73.252747
137 138 20.387457
138 139 108.652321
139 140 201.409912
140 141 173.092361
141 142 393.097961
142 143 259.588165
143 144 172.514313
144 145 50.442402
145 146 215.560211
146 147 142.500000
147 148 374.834747
148 149 138.891159
149 150 149.226181
150 151 96.392220
151 152 37.869812
152 153 36.181496
153 154 201.175430
154 155 386.575226
155 156 201.710999
156 157 137.965317
157 158 25.847757
158 159 143.240799
159 160 389.758392
160 161 283.059570
161 162 274.513336
162 163 24.174379
163 164 184.075378
164 165 117.852608
165 166 71.945847
166 167 37.514614
167 168 211.000595
168 169 249.852524
169 170 33.983124
170 171 250.549179
171 172 50.000000
172 173 2.791157
173 174 36.386719
174 175 144.143906
175 176 193.057892
176 177 47.500809
177 178 161.668198
178 179 180.332138
179 180 58.784721
180 181 175.160645
181 182 83.358597
182 183 55.280148
183 184 139.447800
184 185 214.517288
185 186 21.270069
186 187 84.027397
187 188 29.346558
188 189 48.005077
189 190 53.609375
190 191 11.482792
191 192 83.332031
192 193 192.691681