38128.301564
51 52 1.003230
106 107 1.414181
172 173 2.791157
52 53 4.522868
8 9 6.009614
124 125 7.821931
48 49 8.680805
53 54 8.907911
122 123 10.221906
190 191 11.482792
39 40 11.679102
94 95 12.110681
65 66 12.376493
84 85 12.888401
47 48 13.338821
40 41 14.235861
30 31 14.445312
42 43 15.835938
38 39 17.222656
54 55 18.545380
137 138 20.387457
46 47 20.922661
185 186 21.270069
104 105 21.959301
41 42 22.250427
45 46 22.501709
27 28 23.611004
115 116 23.753645
29 30 23.930950
114 115 24.152988
162 163 24.174379
157 158 25.847757
95 96 26.720079
37 38 26.946760
33 34 28.972101
187 188 29.346558
50 51 30.000000
169 170 33.983124
88 89 34.047531
91 92 35.978088
152 153 36.181496
173 174 36.386719
119 120 37.025902
166 167 37.514614
151 152 37.869812
66 67 37.879299
134 135 42.696552
105 106 44.615105
176 177 47.500809
188 189 48.005077
36 37 49.597992
171 172 50.000000
144 145 50.442402
49 50 51.128239
73 74 52.711987
189 190 53.609375
82 83 53.886719
125 126 53.896378
74 75 54.946716
182 183 55.280148
12 13 57.354637
179 180 58.784721
112 113 63.809174
101 102 65.796791
26 27 67.054192
165 166 71.945847
136 137 73.252747
20 21 73.318146
68 69 75.503975
116 117 77.888840
90 91 81.518463
191 192 83.332031
181 182 83.358597
186 187 84.027397
44 45 89.466461
43 44 95.839554
56 57 96.388313
150 151 96.392220
127 128 99.688400
55 56 103.892662
28 29 107.085335
138 139 108.652321
59 60 113.496689
32 33 117.688934
164 165 117.852608
97 98 118.609375
67 68 119.730713
61 62 119.738426
70 71 120.285362
24 25 126.952911
77 78 129.207047
16 17 130.079575
23 24 130.279999
156 157 137.965317
148 149 138.891159
183 184 139.447800
76 77 141.984421
146 147 142.500000
158 159 143.240799
174 175 144.143906
149 150 149.226181
31 32 150.863007
86 87 158.232529
22 23 159.151001
177 178 161.668198
25 26 165.554688
143 144 172.514313
140 141 173.092361
72 73 174.714127
180 181 175.160645
178 179 180.332138
15 16 183.122955
163 164 184.075378
192 193 192.691681
175 176 193.057892
1 2 195.133530
117 118 198.501953
153 154 201.175430
6 7 201.198135
139 140 201.409912
155 156 201.710999
120 121 208.285645
75 76 210.358261
167 168 211.000595
71 72 213.895142
184 185 214.517288
145 146 215.560211
17 18 225.000687
2 3 232.897797
5 6 236.750504
78 79 239.187469
79 80 241.667969
168 169 249.852524
170 171 250.549179
69 70 251.673492
142 143 259.588165
100 101 261.848450
161 162 274.513336
107 108 274.914825
21 22 277.223907
160 161 283.059570
9 10 303.906342
10 11 320.748901
121 122 323.925049
108 109 326.181458
102 103 327.225586
81 82 331.061646
118 119 331.819580
111 112 335.175079
135 136 349.212921
80 81 351.976990
0 1 372.095032
11 12 374.243134
147 148 374.834747
130 131 376.173462
113 114 383.055573
3 4 384.963440
13 14 386.153259
154 155 386.575226
159 160 389.758392
89 90 391.745178
58 59 392.783630
141 142 393.097961
87 88 419.738190
92 93 423.616760
133 134 426.681000
103 104 431.145172
85 86 434.182983
7 8 440.348480
93 94 444.450073
132 133 460.291504
131 132 463.661407
129 130 475.042969
99 100 504.733643
60 61 504.747406
4 5 509.634583
35 36 514.164062
57 58 519.200012
98 99 520.005981
14 15 520.555908
109 110 525.832336
110 111 527.549438
128 129 528.336609
123 124 541.732056
126 127 543.457336
96 97 553.616333
62 63 555.279114
19 20 571.668030
34 35 576.109985
83 84 664.172668
63 64 671.942871
64 65 728.897095
18 19 811.950073