8028.011830
0 5 329.009918
5 7 69.183678
7 15 101.501450
12 15 77.936745
12 13 57.354637
10 13 40.354855
13 16 49.993473
12 22 66.717865
22 24 30.306704
16 25 86.426659
23 25 4.004242
20 23 49.319038
17 20 15.698373
17 32 46.352543
27 32 33.177273
27 28 23.611004
21 28 19.738247
28 44 36.773163
44 56 24.676226
56 63 27.294767
63 69 26.058809
56 59 31.289112
63 67 32.944973
65 67 25.987411
65 66 12.376493
60 66 15.554688
66 72 19.447290
57 60 19.470284
55 57 7.682813
52 55 6.509375
51 52 1.003230
47 51 2.900419
45 47 2.778906
51 53 3.867298
40 45 5.457490
37 40 5.344460
43 45 6.968050
41 43 6.482687
41 48 6.484276
48 54 4.443359
40 42 8.433742
39 42 7.905694
48 49 8.680805
33 39 9.827334
34 41 11.659839
31 34 12.745638
29 31 9.546849
33 38 12.792602
38 46 12.484520
46 50 9.577381
30 31 14.445312
36 38 22.882788
26 36 33.426159
69 76 38.743999
76 78 26.589121
78 80 3.947292
80 82 27.069344
82 87 35.187557
87 91 34.823490
91 94 19.646872
94 95 12.110681
92 95 16.723284
94 96 19.135101
80 83 36.898479
96 104 47.356045
104 105 21.959301
104 106 25.980036
106 107 1.414181
90 92 49.571739
59 68 51.167404
68 73 36.278378
73 77 43.231457
74 77 19.646818
71 74 26.227060
107 109 54.112289
109 111 7.954194
111 114 37.251049
114 115 24.152988
115 116 23.753645
116 120 44.738556
119 120 37.025902
74 75 54.946716
75 79 53.285000
79 86 49.554962
70 75 60.681469
119 127 65.729088
122 127 50.338535
122 123 10.221906
120 128 67.660965
128 134 28.060171
132 134 34.319096
134 135 42.696552
130 135 37.554245
134 142 61.983452
142 147 30.111631
147 154 62.917316
150 154 35.529877
146 150 57.670467
146 151 43.243492
151 152 37.869812
149 152 20.524443
143 149 20.001923
149 153 25.388342
153 156 26.727154
140 143 43.380920
138 143 58.551704
137 138 20.387457
150 157 58.960175
157 158 25.847757
157 161 26.339647
161 166 38.600567
166 169 33.473312
169 170 33.983124
166 167 37.514614
164 167 35.400940
169 179 42.025162
177 179 19.199278
177 180 42.421978
176 180 19.254641
180 183 37.735836
183 187 38.168888
187 190 26.899923
188 190 9.249964
190 191 11.482792
188 189 48.005077
186 189 25.211298
185 186 21.270069
182 185 20.909819
178 185 34.964092
171 178 25.764585
173 178 32.777462
172 173 2.791157
172 174 33.610519
168 171 41.280506
168 175 48.303589
175 181 37.126366
165 170 50.615780
179 184 51.059807
162 168 51.512299
160 162 11.602087
162 163 24.174379
187 192 60.783447
137 141 63.341747
141 145 25.841864
145 148 19.434273
136 141 27.588793
136 139 24.774065
139 144 25.611692
133 136 49.623585
131 133 11.070008
126 131 44.996677
124 126 46.275158
124 125 7.821931
144 155 60.091801
189 193 66.677658
159 165 68.342796
99 109 69.447525
18 29 72.733360
14 18 45.291737
11 14 71.212959
9 11 50.157372
8 9 6.009614
90 102 73.798508
101 102 65.796791
116 117 77.888840
126 129 88.201736
101 108 97.280640
108 112 26.287914
112 113 63.809174
112 118 84.592857
118 121 91.177414
6 10 107.443207
4 8 108.771118
79 81 110.378426
61 81 116.222351
58 61 13.405899
35 58 45.571404
35 62 97.968300
62 64 116.697121
64 84 106.251701
84 85 12.888401
85 97 89.230843
89 97 89.654091
89 93 32.304890
93 98 30.081987
98 100 16.353367
100 103 32.670361
88 89 34.047531
103 110 38.773445
19 64 110.231270
3 6 161.337051
1 3 150.172211
1 2 195.133530