10154.956861
0 5 329.009918
5 7 69.183678
7 12 124.961311
12 13 57.354637
10 13 40.354855
13 16 49.993473
12 15 77.936745
6 10 107.443207
16 20 116.718109
17 20 15.698373
20 23 49.319038
23 25 4.004242
17 21 58.843010
21 26 45.556446
26 28 43.703045
27 28 23.611004
27 32 33.177273
26 30 43.749565
30 31 14.445312
29 31 9.546849
31 34 12.745638
34 37 13.361700
37 40 5.344460
40 45 5.457490
45 47 2.778906
47 51 2.900419
51 52 1.003230
51 53 3.867298
52 55 6.509375
43 45 6.968050
41 43 6.482687
43 48 7.463291
55 57 7.682813
40 42 8.433742
39 42 7.905694
48 49 8.680805
53 54 8.907911
42 46 13.407310
46 50 9.577381
38 39 17.222656
33 38 12.792602
57 60 19.470284
60 65 18.292305
65 66 12.376493
36 38 22.882788
65 67 25.987411
63 67 32.944973
67 72 41.037437
59 63 46.465847
56 59 31.289112
67 69 46.630390
44 46 66.982201
68 69 75.503975
68 73 36.278378
73 77 43.231457
74 77 19.646818
71 74 26.227060
74 75 54.946716
75 79 53.285000
70 75 60.681469
72 76 77.932190
76 78 26.589121
78 80 3.947292
80 82 27.069344
82 87 35.187557
87 91 34.823490
91 94 19.646872
94 95 12.110681
92 95 16.723284
94 96 19.135101
80 83 36.898479
90 92 49.571739
96 99 85.163666
99 104 87.370499
104 105 21.959301
104 106 25.980036
106 107 1.414181
107 109 54.112289
109 111 7.954194
111 114 37.251049
114 115 24.152988
115 116 23.753645
116 120 44.738556
119 120 37.025902
116 117 77.888840
119 122 80.689987
122 123 10.221906
122 127 50.338535
127 132 74.322128
132 134 34.319096
128 132 40.160568
134 135 42.696552
130 135 37.554245
102 105 84.207932
101 102 65.796791
86 90 100.059937
79 81 110.378426
117 121 120.557564
118 121 91.177414
113 118 100.333519
112 113 63.809174
108 112 26.287914
24 25 126.952911
22 24 30.306704
110 113 139.774246
3 6 161.337051
1 3 150.172211
18 21 167.925400
14 18 45.291737
11 14 71.212959
9 11 50.157372
8 9 6.009614
4 8 108.771118
135 140 168.152481
140 143 43.380920
138 143 58.551704
137 138 20.387457
137 141 63.341747
141 145 25.841864
145 148 19.434273
136 141 27.588793
136 139 24.774065
139 144 25.611692
133 136 49.623585
131 133 11.070008
126 131 44.996677
124 126 46.275158
124 125 7.821931
126 129 88.201736
143 146 93.565125
146 151 43.243492
151 152 37.869812
149 152 20.524443
149 153 25.388342
153 156 26.727154
146 150 57.670467
150 154 35.529877
154 157 63.345993
157 158 25.847757
157 161 26.339647
161 166 38.600567
166 169 33.473312
169 170 33.983124
166 167 37.514614
164 167 35.400940
165 170 50.615780
147 150 87.863556
142 147 30.111631
154 159 90.062531
167 172 131.984055
172 173 2.791157
173 178 32.777462
172 174 33.610519
178 182 40.618195
182 185 20.909819
185 186 21.270069
186 189 25.211298
171 173 47.223469
168 171 41.280506
188 189 48.005077
188 190 9.249964
190 191 11.482792
187 190 26.899923
183 187 38.168888
180 183 37.735836
176 180 19.254641
177 180 42.421978
177 179 19.199278
179 184 51.059807
163 168 52.712315
162 163 24.174379
160 162 11.602087
178 181 57.543865
187 192 60.783447
171 175 61.715023
189 193 66.677658
155 160 83.334373
103 108 183.376892
100 103 32.670361
98 100 16.353367
93 98 30.081987
89 93 32.304890
88 89 34.047531
93 97 93.347122
84 89 135.217880
84 85 12.888401
1 2 195.133530
15 19 282.815826
59 61 391.548340
58 61 13.405899
58 62 119.318031
62 64 116.697121
32 35 429.832581