839217.319180
0 1 534.372620
1 2 487.908264
2 3 733.521362
3 4 100.000000
4 5 633.332031
5 6 618.687744
6 7 150.923019
7 8 359.784027
8 9 316.664062
9 10 650.854187
10 11 883.960693
11 12 37.267216
12 13 68.719528
13 14 216.667969
14 15 1201.041260
15 16 983.477173
16 17 800.694153
17 18 783.509277
18 19 733.521423
19 20 868.105164
20 21 483.335938
21 22 917.273804
22 23 134.369827
23 24 583.335938
24 25 566.913025
25 26 1033.869507
26 27 1034.541016
27 28 384.778473
28 29 850.653381
29 30 783.509277
30 31 816.838013
31 32 66.667969
32 33 1100.126221
33 34 1100.126221
34 35 1983.332031
35 36 1850.300293
36 37 566.667969
37 38 317.106232
38 39 37.267216
39 40 283.332031
40 41 868.105164
41 42 500.000000
42 43 500.000000
43 44 500.000000
44 45 83.332031
45 46 233.332031
46 47 2166.728271
47 48 316.664062
48 49 1033.335938
49 50 550.252441
50 51 718.410034
51 52 1250.000000
52 53 83.332031
53 54 800.173584
54 55 650.000000
55 56 1183.449463
56 57 1483.332031
57 58 1566.752686
58 59 650.000000
59 60 683.539185
60 61 250.000000
61 62 1233.335938
62 63 1783.413818
63 64 616.667969
64 65 883.332031
65 66 333.335938
66 67 33.332031
67 68 767.392273
68 69 566.909058
69 70 150.000000
70 71 1050.000000
71 72 33.332031
72 73 33.332031
73 74 16.667969
74 75 50.000000
75 76 500.000000
76 77 2500.055664
77 78 2600.053467
78 79 33.332031
79 80 50.000000
80 81 2500.055664
81 82 1250.000000
82 83 1150.000000
83 84 16.667969
84 85 183.332031
85 86 2900.047852
86 87 583.335938
87 88 183.332031
88 89 23.572067
89 90 2100.000000
90 91 1600.086792
91 92 1416.664062
92 93 2866.712646
93 94 1766.664062
94 95 1450.095825
95 96 184.091888
96 97 966.664062
97 98 1216.778198
98 99 1666.664062
99 100 2000.069458
100 101 117.848457
101 102 450.000000
102 103 866.664062
103 104 1083.335938
104 105 2150.064697
105 106 800.000000
106 107 200.000000
107 108 1566.664062
108 109 50.000000
109 110 2000.069458
110 111 250.000000
111 112 216.667969
112 113 500.277679
113 114 2400.000000
114 115 3400.040771
115 116 916.819519
116 117 2150.000000
117 118 1766.746582
118 119 900.000000
119 120 68.719528
120 121 1816.744385
121 122 1916.667969
122 123 84.986084
123 124 666.872314
124 125 466.664062
125 126 1283.335938
126 127 3266.710693
127 128 116.667969
128 129 666.664062
129 130 516.667969
130 131 183.332031
131 132 1550.000000
132 133 1583.419678
133 134 766.849060
134 135 916.815613
135 136 1566.664062
136 137 966.807739
137 138 450.000000
138 139 600.000000
139 140 1266.777588
140 141 1216.667969
141 142 233.332031
142 143 1916.740356
143 144 416.667969
144 145 400.000000
145 146 1100.000000
146 147 1533.422607
147 148 616.664062
148 149 366.667969
149 150 433.332031
150 151 1466.758789
151 152 516.664062
152 153 33.335938
153 154 283.332031
154 155 416.667969
155 156 50.000000
156 157 1800.077148
157 158 1600.000000
158 159 166.664062
159 160 50.000000
160 161 1266.667969
161 162 1250.111084
162 163 1800.077148
163 164 3083.332031
164 165 1850.075073
165 166 533.335938
166 167 33.332031
167 168 1333.332031
168 169 150.000000
169 170 33.335938
170 171 3366.709229
171 172 633.332031
172 173 350.000000
173 174 333.335938
174 175 416.664062
175 176 1150.120728
176 177 1200.000000
177 178 83.335938
178 179 1233.332031
179 180 466.667969
180 181 169.964890
181 182 2833.381104
182 183 2466.667969
183 184 3350.041504
184 185 1516.664062
185 186 1733.335938
186 187 3283.378174
187 188 1350.000000
188 189 1683.335938
189 190 133.332031
190 191 283.332031
191 192 3383.373047
192 193 866.667969
193 194 2266.664062
194 195 133.335938
195 196 3283.378174
196 197 383.335938
197 198 1100.000000
198 199 116.664062
199 200 1150.120728
200 201 233.335938
201 202 516.664062
202 203 1616.750000
203 204 2583.332031
204 205 2100.066162
205 206 1400.000000
206 207 1216.667969
207 208 1050.000000
208 209 4166.701172
209 210 1116.667969
210 211 2550.000000
211 212 400.000000
212 213 3750.037109
213 214 3500.000000
214 215 3366.833008
215 216 683.332031
216 217 66.667969
217 218 100.000000
218 219 1066.667969
219 220 2366.726807
220 221 366.667969
221 222 900.000000
222 223 933.332031
223 224 916.819519
224 225 250.000000
225 226 783.335938
226 227 2000.069458
227 228 3933.332031
228 229 2400.057861
229 230 416.667969
230 231 1033.470337
231 232 750.000000
232 233 766.667969
233 234 750.185120
234 235 766.667969
235 236 783.332031
236 237 2383.390381
237 238 983.332031
238 239 2150.064697
239 240 2716.719238
240 241 2742.306152
241 242 2192.255127
242 243 83.335938
243 244 1083.332031
244 245 750.000000
245 246 133.332031
246 247 200.000000
247 248 4300.032227
248 249 300.000000
249 250 1700.000000
250 251 716.667969
251 252 650.000000
252 253 3016.714111
253 254 583.335938
254 255 3083.332031
255 256 133.332031
256 257 3633.370361
257 258 316.667969
258 259 400.000000
259 260 1616.664062
260 261 816.667969
261 262 100.000000
262 263 2250.061768
263 264 1366.667969
264 265 183.332031
265 266 733.521362
266 267 166.664062
267 268 1050.000000
268 269 200.000000
269 270 566.667969
270 271 1800.077148
271 272 1316.773438
272 273 1000.000000
273 274 1716.744995
274 275 916.664062
275 276 933.335938
276 277 2650.052490
277 278 200.000000
278 279 2633.332031
279 280 1400.000000
280 281 3733.369141
281 282 400.000000
282 283 1616.664062
283 284 2550.054443
284 285 1050.000000
285 286 50.000000
286 287 100.000000
287 288 3066.667969
288 289 3183.375732
289 290 933.332031
290 291 1633.332031
291 292 3716.813477
292 293 3466.664062
293 294 483.335938
294 295 116.664062
295 296 4100.033691
296 297 2200.063232
297 298 983.473267
298 299 1233.332031
299 300 650.000000
300 301 3183.375732
301 302 600.000000
302 303 1216.667969
303 304 1233.332031
304 305 400.000000
305 306 2500.055664
306 307 200.000000
307 308 833.498657
308 309 1833.332031
309 310 816.838013
310 311 2250.000000
311 312 750.000000
312 313 500.000000
313 314 4166.697266
314 315 1633.416992
315 316 1866.667969
316 317 3983.475342
317 318 250.000000
318 319 666.667969
319 320 1250.000000
320 321 2100.000000
321 322 2316.728027
322 323 200.000000
323 324 2150.000000
324 325 100.000000
325 326 4050.034424
326 327 2066.667969
327 328 101.379593
328 329 616.667969
329 330 633.332031
330 331 533.592407
331 332 1750.079346
332 333 716.664062
333 334 700.000000
334 335 250.000000
335 336 1283.335938
336 337 37.270710
337 338 1766.742676
338 339 550.000000
339 340 1050.132202
340 341 100.000000
341 342 1283.332031
342 343 1566.756592
343 344 850.000000
344 345 50.000000
345 346 1166.783081
346 347 2766.664062
347 348 3783.368652
348 349 316.667969
349 350 1250.000000
350 351 1600.000000
351 352 533.332031
352 353 3433.372559
353 354 1183.449463
354 355 816.837952
355 356 3466.667969
356 357 4416.699219
357 358 1500.000000
358 359 650.000000
359 360 2083.398682
360 361 250.000000
361 362 1100.000000
362 363 1433.332031
363 364 516.936646
364 365 2933.379395
365 366 83.332031
366 367 2333.332031
367 368 633.551331
368 369 117.852051
369 370 216.664062
370 371 1250.000000
371 372 2300.060547
372 373 2500.000000
373 374 100.000000
374 375 2916.711670
375 376 16.664062
376 377 1150.000000
377 378 2312.276855
378 379 3362.222656
379 380 2216.667969
380 381 3000.046387
381 382 816.838013
382 383 2616.664062
383 384 3683.369873
384 385 1800.000000
385 386 1766.667969
386 387 3666.705811
387 388 950.000000
388 389 2033.332031
389 390 2400.057861
390 391 2300.000000
391 392 2833.381104
392 393 533.332031
393 394 2750.000000
394 395 3233.375000
395 396 16.667969
396 397 100.000000
397 398 316.664062
398 399 1683.335938
399 400 1316.664062
400 401 685.860718
401 402 4235.850098
402 403 633.335938
403 404 683.332031
404 405 16.667969
405 406 1183.453369
406 407 2416.725586
407 408 1567.022461
408 409 1683.335938
409 410 466.664062
410 411 1016.667969
411 412 2333.391602
412 413 16.664062
413 414 1966.734619
414 415 2816.664062
415 416 1400.099243
416 417 1333.335938
417 418 1133.332031
418 419 2866.716309
419 420 3633.335938
420 421 1816.160278
421 422 867.230164
422 423 1433.335938
423 424 2533.555176
424 425 3200.000000
425 426 3533.371338
426 427 450.000000
427 428 16.667969
428 429 450.000000
429 430 83.332031
430 431 416.667969
431 432 466.965393
432 433 416.667969
433 434 583.332031
434 435 333.332031
435 436 1266.773804
436 437 1533.332031
437 438 116.667969
438 439 3083.381104
439 440 1133.335938
440 441 1483.332031
441 442 1433.332031
442 443 3400.040771
443 444 166.667969
444 445 2300.000000
445 446 33.332031
446 447 45.066772
447 448 1308.623901
448 449 2530.561279
449 450 1233.332031
450 451 3050.045654
451 452 3450.040283
452 453 283.332031
453 454 500.000000
454 455 3766.700928
455 456 1016.664062
456 457 1016.667969
457 458 783.332031
458 459 850.000000
459 460 4266.696777
460 461 3916.664062
461 462 650.000000
462 463 4483.456055
463 464 3733.332031
464 465 3333.373779
465 466 750.185120
466 467 100.000000
467 468 1100.000000
468 469 2916.667969
469 470 3033.519043
470 471 3550.000000
471 472 183.335938
472 473 3516.707520
473 474 1583.332031
474 475 1500.000000
475 476 2550.054443
476 477 1183.335938
477 478 1016.664062
478 479 133.335938
479 480 733.521423
480 481 4350.127930
481 482 4250.000000
482 483 2700.051514
483 484 2000.000000
484 485 1250.111084
485 486 1133.454590
486 487 1716.664062
487 488 133.335938
488 489 666.664062
489 490 2133.397217
490 491 1450.000000
491 492 516.667969
492 493 100.000000
493 494 4116.701660
494 495 1216.667969
495 496 1733.332031
496 497 933.332031
497 498 16.667969
498 499 266.667969
499 500 750.000000
500 501 3266.710693
501 502 1683.332031
502 503 950.146179
503 504 2516.719238
504 505 416.664062
505 506 566.667969
506 507 1216.667969
507 508 700.000000
508 509 2316.728027
509 510 900.000000
510 511 1150.000000
511 512 333.332031
512 513 1133.454590
513 514 1183.332031
514 515 4300.032227
515 516 3916.667969
516 517 250.000000
517 518 100.000000
518 519 36.030457
519 520 2618.909180
520 521 2583.332031
521 522 600.231445
522 523 3366.709229
523 524 1366.667969
524 525 2183.332031
525 526 300.000000
526 527 3350.041504
527 528 1100.000000
528 529 316.667969
529 530 2266.729248
530 531 566.667969
531 532 1800.000000
532 533 83.332031
533 534 966.667969
534 535 366.667969
535 536 333.752197
536 537 1169.227905
537 538 1785.837524
538 539 4050.034424
539 540 2450.056641
540 541 550.252502
541 542 1062.502319
542 543 164.170074
543 544 4343.357422
544 545 16.667969
545 546 816.667969
546 547 2016.664062
547 548 2900.047852
548 549 1950.000000
549 550 2200.000000
550 551 1593.897339
551 552 2406.137695
552 553 816.667969
553 554 1466.667969
554 555 766.664062
555 556 116.667969
556 557 683.332031
557 558 83.335938
558 559 866.828247
559 560 1266.777588
560 561 1133.335938
561 562 933.484741
562 563 750.000000
563 564 2750.050537
564 565 383.335938
565 566 3133.332031
566 567 2466.724365
567 568 250.000000
568 569 983.335938
569 570 700.000000
570 571 700.000000
571 572 1227.798584
572 573 422.328308
573 574 1266.664062
574 575 500.000000
575 576 933.480835
576 577 200.000000
577 578 216.667969
578 579 133.332031
579 580 544.728394
580 581 1355.351318
581 582 200.000000
582 583 1583.332031
583 584 483.335938
584 585 1003.067261
585 586 947.023865
586 587 883.332031
587 588 650.000000
588 589 133.332031
589 590 416.667969
590 591 1451.668945
591 592 2631.706787
592 593 66.664062
593 594 233.335938
594 595 1100.000000
595 596 350.000000
596 597 266.664062
597 598 616.667969
598 599 650.000000
599 600 16.667969
600 601 500.000000
601 602 2341.670410
602 603 1316.729980
603 604 258.336517
604 605 100.000000
605 606 383.335938
606 607 2983.382568
607 608 2550.000000
608 609 200.000000
609 610 633.335938
610 611 166.664062
611 612 333.335938
612 613 216.664062
613 614 1481.155396
614 615 64.638985
615 616 816.664062
616 617 450.000000
617 618 1310.835571
618 619 439.378784
619 620 1433.335938
620 621 300.000000
621 622 166.664062
622 623 1439.750122
623 624 364.518555
624 625 295.836060
625 626 383.335938
626 627 83.332031
627 628 33.332031
628 629 1316.667969
629 630 1209.449951
630 631 1326.180298
631 632 133.332031
632 633 3516.707520
633 634 1300.000000
634 635 16.667969
635 636 1200.000000
636 637 812.900818
637 638 453.897522
638 639 800.000000
639 640 1133.454590
640 641 1548.893677
641 642 405.287354
642 643 115.835022
643 644 24.601786
644 645 16.667969
645 646 433.656372
646 647 184.088165
647 648 134.369339
648 649 866.113464
649 650 446.702515
650 651 1702.810059
651 652 933.332031
652 653 650.000000
653 654 223.114624
654 655 740.265015
655 656 350.000000
656 657 366.664062
657 658 285.835938
658 659 556.557129
659 660 829.450928
660 661 633.335938
661 662 733.332031
662 663 116.667969
663 664 33.332031
664 665 530.766663
665 666 2052.778076
666 667 1100.000000
667 668 733.332031
668 669 317.106110
669 670 1050.000000
670 671 516.050110
671 672 317.504395
672 673 174.003998
673 674 656.665527
674 675 116.664062
675 676 416.667969
676 677 270.174988
677 678 953.357300
678 679 450.000000
679 680 320.000122
680 681 62.262711
681 682 765.039551
682 683 350.000000
683 684 540.403320
684 685 203.056396
685 686 364.723602
686 687 171.388763
687 688 463.897369
688 689 303.675598
689 690 296.809601
690 691 1433.364990
691 692 316.664062
692 693 133.335938
693 694 850.000000
694 695 16.664062
695 696 100.849731
696 697 248.339813
697 698 42.308163
698 699 55.395313
699 700 83.332031
700 701 45.482319
701 702 23.261789
702 703 100.000000
703 704 16.664062
704 705 150.923233
705 706 33.335938
706 707 100.000000
707 708 16.664062
708 709 63.016888
709 710 118.630196
710 711 1185.571899
711 712 1300.000000
712 713 33.286289
713 714 125.360092
714 715 229.178741
715 716 120.432404
716 717 33.332031
717 718 16.667969
718 719 16.667969
719 720 16.664062
720 721 172.788300
721 722 1110.652344
722 723 333.332031
723 724 816.667969
724 725 33.332031
725 726 16.667969
726 727 33.332031
727 728 15.811388
728 729 26.114754
729 730 14.218722
730 731 56.126606
731 732 15.055725
732 733 1210.518555