69950.218901
0 2 111.803398
2 5 16.666016
5 10 236.878342
10 21 263.523956
17 21 186.336960
15 17 190.031754
21 24 206.155289
17 26 208.833313
21 35 283.821655
35 44 117.852051
44 45 83.332031
45 46 233.332031
45 76 238.629761
76 83 97.181419
83 84 16.667969
78 84 16.666016
78 79 33.332031
83 92 50.000000
79 80 50.000000
80 90 97.184769
85 90 37.267216
90 114 167.497406
114 126 121.334183
92 109 231.540405
108 109 50.000000
109 117 74.537926
117 132 120.183601
132 180 235.701340
180 191 157.235580
183 191 74.533562
183 195 70.710678
186 195 60.091801
170 183 83.332031
169 170 33.335938
186 194 89.754684
190 194 37.266342
195 211 97.183090
179 190 97.183090
164 179 60.091801
161 164 47.138611
164 168 52.705040
191 214 117.850121
179 189 117.850670
180 181 169.964890
181 208 137.438126
208 212 101.379265
208 228 143.370804
228 239 97.183090
239 241 45.838860
241 247 58.999252
247 270 84.982635
241 256 102.737808
246 256 60.091801
246 255 89.751053
245 255 60.091801
255 280 153.660065
280 288 33.332031
269 280 179.507187
262 269 37.267216
261 269 89.751053
261 268 121.336060
268 294 150.922806
294 295 116.664062
295 316 150.922806
312 316 169.964508
312 321 134.371780
321 324 37.266342
321 336 89.751053
336 337 37.270710
337 347 83.334373
347 352 84.981873
324 325 100.000000
352 373 167.499344
373 383 83.334373
373 374 100.000000
383 386 117.848190
371 386 105.410080
386 400 149.074112
236 268 186.337830
236 252 141.421356
244 252 150.923019
244 265 164.147369
265 293 167.497406
293 311 116.667969
305 311 142.398834
264 265 183.332031
260 264 37.269836
251 260 137.435745
235 251 105.408844
233 235 23.570686
252 291 195.079391
394 400 200.693344
380 394 101.379593
364 380 180.277557
351 364 153.660065
330 351 149.070618
394 423 195.079895
410 423 157.236603
423 446 177.169342
445 446 33.332031
445 447 12.674553
447 450 15.911145
438 447 44.653175
437 438 116.667969
423 458 195.076218
452 458 167.499344
389 410 200.692383
389 391 101.379593
311 342 216.664368
386 418 216.666168
418 425 195.077545
425 442 120.185768
442 459 171.593201
454 459 101.379593
448 454 120.436287
448 462 112.565865
462 472 101.378952
472 482 84.982635
472 480 97.181419
454 471 133.335938
480 500 134.369339
482 512 150.923233
512 518 37.267216
518 521 16.667969
518 519 36.030457
514 519 22.609516
508 512 68.716217
508 517 52.705040
517 526 52.705040
526 543 127.324455
526 538 149.070618
538 542 53.697819
542 550 85.060921
550 558 68.716217
557 558 83.335938
557 575 111.803398
575 584 37.265472
584 612 83.334373
612 621 60.091801
617 621 23.566544
621 631 33.335938
612 629 83.334373
601 629 89.751053
571 601 97.184769
617 632 126.930748
622 632 47.141373
613 622 33.332031
590 613 60.091801
589 601 134.373703
589 620 84.981873
566 589 84.982635
579 589 89.751053
579 588 60.091801
588 611 60.091801
611 616 52.705040
583 588 68.720009
578 583 23.566544
574 578 23.569305
583 610 94.279984
600 610 105.408844
599 600 16.667969
577 599 70.710678
570 577 89.752502
561 570 70.710678
559 577 100.000000
555 559 23.572067
541 555 60.091801
556 559 101.379593
561 580 105.530174
576 580 5.839551
576 606 74.532684
585 606 70.112694
585 587 64.825935
563 585 92.590324
547 563 83.332031
587 603 113.182083
603 609 19.133942
609 615 68.716217
615 623 34.420063
618 623 30.852160
614 618 21.818539
605 614 34.055557
598 605 23.569305
591 598 15.092452
614 630 43.267025
630 639 47.223576
639 642 24.232634
605 608 52.705040
604 608 52.705040
572 591 61.838284
604 628 66.667969
627 628 33.332031
628 643 72.989014
643 644 24.601786
644 645 16.667969
643 650 71.201248
645 654 81.940147
654 657 36.529476
650 665 82.580475
665 671 33.388748
671 677 28.169748
677 684 35.461510
684 687 10.035143
687 694 35.939507
694 695 16.664062
695 704 33.332031
703 704 16.664062
704 708 16.667969
707 708 16.664062
708 720 33.332031
719 720 16.664062
718 719 16.667969
717 718 16.667969
717 727 16.667969
727 729 12.302657
729 730 14.218722
727 728 15.811388
728 731 16.787359
726 731 9.973477
731 732 15.055725
725 726 16.667969
716 726 16.667969
713 716 20.782518
712 717 23.566544
709 712 9.567028
706 713 26.636562
702 706 16.667969
701 702 23.261789
699 702 23.569305
697 699 19.648226
714 720 26.882418
724 725 33.332031
705 706 33.335938
705 710 32.763042
710 721 26.351902
710 715 28.167244
700 703 37.268963
689 697 39.215389
689 698 33.085106
685 689 37.691685
680 685 33.080296
673 680 40.991669
673 681 36.756630
659 673 69.142372
659 668 65.802567
656 668 47.141373
668 676 70.710678
672 676 52.705040
661 672 60.091801
648 661 74.537926
646 648 60.091801
626 627 83.332031
653 659 84.745659
624 626 87.500443
624 637 63.577385
619 637 83.795746
695 696 100.849731
690 696 19.503834
686 690 44.390774
551 572 112.801178
540 551 82.368210
533 540 68.716217
532 533 83.332031
532 537 90.562576
529 537 47.707031
537 554 104.475227
554 569 83.332031
506 529 126.930748
485 506 111.803398
474 485 105.408844
606 636 130.169998
636 641 62.741100
641 649 118.350746
649 663 68.315948
663 664 33.332031
663 670 37.265472
649 658 94.280983
658 662 25.401421
647 648 134.369339
635 647 97.184769
634 635 16.667969
634 638 52.705040
647 655 106.716095
655 669 83.331253
669 679 60.093964
679 683 37.270710
679 688 47.141373
655 675 117.854813
674 675 116.664062
674 682 89.754684
682 693 60.093964
678 682 68.716217
667 678 66.664062
660 667 37.270710
678 692 74.537926
692 723 111.803398
652 675 126.930748
573 619 134.369339
562 573 60.093964
640 660 134.369827
457 474 134.369827
441 457 97.181419
435 441 89.752502
421 435 72.356934
415 421 49.480782
409 415 37.268963
415 417 68.715271
407 417 106.718536
474 477 134.373703
477 496 134.369827
625 635 137.435272
597 625 83.332031
586 597 23.569305
582 586 117.852608
560 586 121.337128
549 560 50.000000
582 596 137.436218
581 596 74.537926
602 640 148.783371
595 602 58.427120
568 602 87.067558
535 557 149.068863
522 535 83.334373
525 535 121.333382
516 525 83.334373
511 516 33.332031
503 511 121.336060
489 503 120.185768
489 499 37.265472
493 499 52.703804
484 493 83.334373
484 492 60.091801
492 507 83.331253
498 507 83.334373
497 498 16.667969
479 484 94.282745
469 479 83.334373
464 469 47.141373
453 464 83.334373
453 461 60.093964
478 484 94.282745
524 549 171.593201
520 524 37.267216
505 520 68.719063
490 505 149.068863
483 490 50.000000
505 509 167.499344
509 528 105.408844
507 536 171.595108
534 536 37.265472
420 448 187.220688
475 489 190.030029
567 595 201.387543
251 271 216.666916
267 271 23.572067
271 279 50.000000
279 304 150.000000
300 304 134.369827
266 267 166.664062
266 276 50.000000
273 276 134.373474
273 283 50.000000
243 273 134.369110
242 243 83.335938
242 250 52.704422
238 242 68.720009
223 238 111.803398
223 230 83.334373
226 230 60.091801
219 226 60.092884
234 250 130.169998
232 234 23.570686
229 232 134.369827
206 229 142.398834
198 206 52.705040
185 198 52.703804
185 199 111.803398
175 199 166.667191
175 177 52.704422
166 177 47.141373
166 167 33.332031
162 167 33.333984
160 162 23.570686
156 160 23.569305
167 178 37.267216
156 159 37.270710
155 159 23.569305
141 156 70.710678
136 141 47.141373
139 141 52.704422
133 139 60.091801
131 133 37.266342
124 131 37.270710
130 136 60.091801
139 150 83.331253
146 150 117.852325
142 146 16.667969
118 130 130.171249
111 118 68.718109
106 111 68.716217
158 175 134.368378
149 158 74.537056
107 111 134.373703
103 107 68.715744
103 112 37.268963
89 111 153.659637
88 89 23.572067
69 88 68.718109
61 69 68.717163
61 64 68.719528
64 70 83.334373
56 61 137.435745
51 56 33.333984
56 58 84.982254
58 60 37.270710
47 51 106.717316
36 47 101.378952
34 36 137.435745
32 34 33.332031
29 32 47.139992
29 31 47.142754
60 87 137.436218
48 64 153.658783
41 48 37.269836
304 329 179.505371
329 335 37.265472
335 339 47.144135
331 339 70.710678
339 363 150.922806
363 367 33.332031
106 110 184.092056
110 113 37.266342
113 116 89.751778
116 129 105.410080
129 138 74.536179
138 154 74.534431
154 174 89.752869
165 174 37.269836
174 188 101.378952
129 134 105.408844
134 148 83.333984
188 202 111.803398
148 153 117.848457
152 153 33.335938
145 152 47.138611
152 173 97.183090
173 182 106.717316
182 193 52.705040
193 218 134.371765
218 222 37.266342
222 224 23.569305
217 222 68.719528
216 217 66.667969
210 216 52.703804
201 210 50.000000
224 231 70.710678
231 237 74.532684
137 145 137.435745
121 137 117.850670
105 121 121.336060
93 105 111.803398
93 100 106.721581
100 101 117.848457
96 116 142.400665
81 96 105.410080
63 81 111.803398
63 77 149.069733
77 95 121.336060
95 98 74.532684
98 102 33.333984
77 86 126.930748
202 225 166.667191
225 240 126.928955
240 263 101.379593
263 275 134.371780
231 259 171.595108
259 272 74.536179
172 201 171.595108
172 176 52.704422
147 176 117.850121
144 147 37.266342
147 151 52.704422
140 144 52.705040
128 140 89.751053
127 128 116.667969
115 127 153.660065
176 200 166.667191
197 200 68.715744
237 254 180.277557
254 258 101.379593
258 287 134.369339
286 287 100.000000
286 289 23.569305
285 289 37.270710
289 298 89.751053
298 310 74.536186
282 285 117.848457
274 282 105.409462
257 274 89.751053
282 307 153.658783
307 319 111.803398
253 274 166.668747
249 253 52.704422
227 249 164.146576
221 227 60.092884
213 221 70.710678
215 221 84.982254
205 215 83.332809
196 205 83.334373
192 196 23.572067
184 192 47.138611
184 187 37.269836
171 184 84.984550
163 171 60.092884
157 163 47.138611
143 163 157.231216
135 143 97.184769
306 319 180.277557
249 281 190.027634
281 302 177.170441
302 314 94.281364
314 326 157.234543
318 326 105.408844
308 318 143.370346
308 317 157.235580
326 348 190.030029
348 361 83.335938
361 365 121.336060
365 366 83.332031
366 381 100.000000
353 366 120.185768
349 353 52.705040
381 397 166.665619
397 406 89.754684
396 406 37.265472
395 396 16.667969
392 395 52.705040
387 392 60.091801
384 395 66.667969
387 402 68.720009
402 414 153.657104
414 439 190.027634
439 451 83.334373
451 463 97.181419
460 463 89.751053
460 467 179.505737
466 467 100.000000
296 317 194.364502
292 296 37.270710
284 292 83.331253
277 284 47.141373
296 301 97.181419
277 278 200.000000
248 278 177.167877
310 332 200.693512
263 290 200.693680
290 297 106.717316
297 315 117.850670
315 323 60.091801
320 323 23.570686
290 309 142.398834
309 322 101.379593
322 333 83.332809
333 341 60.093964
341 350 50.000000
333 340 83.331253
340 354 84.986465
320 328 158.113876
327 328 101.379593
327 338 84.986465
338 344 169.964508
344 345 50.000000
334 345 83.334373
299 327 179.505371
343 354 179.507187
343 358 141.421356
358 362 84.982635
358 372 100.000000
346 362 130.169998
362 379 164.990662
379 382 47.144135
376 379 101.378952
375 376 16.664062
375 388 106.718536
388 408 137.435272
408 419 120.185768
419 428 68.719063
427 428 16.667969
427 444 83.331253
424 444 106.718536
424 443 130.169998
443 455 134.369339
455 465 134.372742
444 468 158.113876
468 473 111.803398
468 470 121.337128
473 495 153.658783
382 404 166.665619
404 405 16.667969
404 416 117.848740
416 429 89.756134
429 432 37.265472
430 432 52.703804
430 436 37.267216
436 456 153.657104
456 476 158.113876
476 486 153.657104
486 501 52.705040
501 504 121.336060
426 455 177.168976
495 527 179.505737
527 553 153.658783
546 553 89.751053
338 359 188.562729
359 368 94.282745
368 369 117.852051
369 377 37.268963
377 399 137.436218
368 385 190.027634
385 413 179.507187
412 413 16.664062
413 422 66.667969
422 431 52.703804
431 433 52.703804
431 449 97.181419
345 370 190.027985
531 546 194.366180
220 248 201.384155
209 220 66.666016
203 209 37.268963
272 303 201.385773
466 494 206.155289
429 440 206.155289
381 398 208.831589
393 398 52.705040
390 393 16.664062
393 403 47.144135
360 387 208.831589
357 360 68.720009
411 442 217.309647
401 411 103.877129
523 531 219.217453
204 233 224.228027
510 547 226.692795
502 510 97.181419
487 502 70.710678
487 491 117.852608
488 491 23.572067
491 513 141.421356
434 457 231.541382
523 565 235.705215
332 355 236.879852
465 481 240.369354
481 515 184.088165
515 530 97.184769
530 539 52.705040
539 552 84.982635
552 564 66.667969
545 552 89.751053
544 545 16.667969
544 548 52.703804
564 593 141.421356
593 607 60.091801
592 607 37.265472
564 594 166.668747
37 41 247.766800
30 37 97.183090
28 30 83.334373
37 54 186.339401
54 59 47.141373
59 68 134.369339
68 91 134.369110
91 97 52.703804
50 68 169.969101
42 50 60.091801
38 42 83.334373
38 39 37.267216
33 39 97.183090
27 33 153.658585
25 27 83.333984
23 25 23.570686
22 23 134.369827
18 25 200.693680
16 18 52.705040
18 20 149.070618
9 16 194.364502
7 9 89.754318
3 7 74.534431
3 4 100.000000
4 6 52.705040
9 14 153.657104
11 14 121.336594
11 12 37.267216
12 13 68.719528
8 12 97.183090
1 4 171.594147
68 82 210.818314
82 94 83.332809
94 99 158.113876
99 120 150.922806
120 123 37.267216
119 120 68.719528
122 123 84.986084
119 125 134.371780
65 99 216.666016
55 65 120.184677
52 55 68.720009
49 52 68.718109
43 49 16.666016
52 53 83.332031
53 62 74.537926
62 66 52.704422
66 67 33.332031
67 75 50.000000
74 75 50.000000
73 74 16.667969
72 73 33.332031
71 72 33.332031
57 67 60.091801
40 43 142.402496
73 104 200.693024
313 325 263.522736
378 420 268.331940
325 356 273.353943
594 633 291.067383
633 651 246.082138
633 666 247.767990
692 722 300.461365
722 733 66.667969
711 722 89.751053
691 711 83.334373
19 28 307.317169
207 244 310.017151