217039.171721
0 2 111.803398
2 5 16.666016
5 10 236.878342
10 15 448.766083
15 17 190.031754
17 21 186.336960
21 24 206.155289
21 26 284.797668
20 24 287.713837
18 20 149.070618
16 18 52.705040
18 23 203.444397
23 25 23.570686
25 27 83.333984
22 23 134.369827
14 16 226.688492
11 14 121.336594
11 12 37.267216
12 13 68.719528
8 12 97.183090
9 14 153.657104
7 9 89.754318
3 7 74.534431
3 4 100.000000
4 6 52.705040
1 4 171.594147
27 28 384.778473
28 30 83.334373
28 33 295.333008
33 38 106.717316
38 39 37.267216
38 42 83.334373
37 42 279.385681
37 41 247.766800
39 40 283.332031
40 43 142.402496
36 41 343.594818
34 36 137.435745
32 34 33.332031
29 32 47.139992
29 31 47.142754
19 22 441.271912
43 44 500.000000
44 45 83.332031
45 46 233.332031
44 49 500.277679
49 52 68.718109
52 55 68.720009
52 53 83.332031
53 57 153.659210
57 62 121.332840
62 66 52.704422
66 67 33.332031
66 71 111.803398
71 72 33.332031
72 73 33.332031
73 74 16.667969
74 75 50.000000
62 65 283.825653
65 68 401.386536
68 70 416.997223
69 70 150.000000
64 69 97.181419
61 64 68.719528
56 61 137.435745
51 56 33.333984
56 58 84.982254
58 60 37.270710
47 51 106.717316
48 51 242.668900
60 63 300.462585
59 64 368.180054
54 59 47.141373
50 54 195.081223
75 76 500.000000
76 78 105.409462
78 83 23.570686
83 84 16.667969
78 79 33.332031
79 80 50.000000
80 85 101.379265
85 90 37.267216
90 92 184.091888
35 40 653.409973
92 94 1100.126221
94 99 158.113876
99 104 285.290039
94 97 301.846252
91 94 317.102325
104 108 416.997223
108 109 50.000000
109 114 368.180054
114 117 334.994629
89 91 500.277679
88 89 23.572067
87 88 183.332031
86 87 583.335938
81 86 300.462585
77 81 186.337830
117 122 701.783447
122 123 84.986084
120 123 37.267216
119 120 68.719528
120 125 190.031754
124 125 466.664062
125 130 683.535278
130 133 150.923019
131 133 37.266342
133 136 121.336594
136 141 47.141373
139 141 52.704422
139 142 184.087997
142 146 16.667969
146 150 117.852325
150 155 217.304108
155 159 23.569305
156 159 37.270710
156 160 23.569305
160 162 23.570686
162 167 33.333984
166 167 33.332031
155 158 150.923233
154 158 267.188385
149 154 200.693192
153 154 283.332031
152 153 33.335938
148 153 117.848457
145 148 184.087997
140 145 350.396667
140 144 52.705040
144 147 37.266342
147 151 52.704422
137 140 217.307999
134 137 318.413696
129 134 105.408844
134 138 137.439545
143 147 383.698029
135 140 384.778473
165 166 533.335938
128 129 666.664062
127 128 116.667969
99 103 800.694153
103 107 68.715744
107 112 84.982635
107 111 134.373703
106 111 68.716217
106 110 184.092056
110 113 37.266342
113 116 89.751778
113 118 304.138123
116 121 469.338898
102 106 600.231384
98 102 33.333984
95 98 74.532684
95 96 184.091888
102 105 200.693192
100 105 137.439056
100 101 117.848457
93 98 254.950974
115 116 916.819519
82 87 966.807739
122 126 1000.555359
152 157 1016.800659
167 172 1216.782104
172 176 52.704422
172 173 350.000000
173 174 333.335938
174 175 416.664062
175 177 52.704422
177 178 83.335938
171 176 583.570068
177 182 884.746033
182 185 633.551331
185 188 200.693192
188 193 416.997223
193 197 500.277740
197 200 68.715744
200 201 233.335938
192 197 367.046631
192 196 23.572067
187 192 68.719528
184 187 37.269836
200 205 384.778656
203 205 483.619354
205 209 500.277679
209 213 317.106232
213 215 137.435745
215 220 450.308502
220 221 366.667969
201 202 516.664062
202 206 268.743286
198 202 283.825653
198 199 116.664062
199 204 567.647461
204 207 516.936768
207 211 550.252441
211 214 150.923019
212 214 250.554901
208 212 101.379265
205 210 616.893127
215 216 683.332031
216 217 66.667969
217 222 68.719528
222 224 23.569305
218 222 37.266342
224 225 250.000000
225 229 318.417389
229 232 134.369827
232 234 23.570686
234 238 150.923019
238 242 68.720009
242 243 83.335938
230 234 268.743286
226 230 60.091801
223 226 117.852608
219 223 167.499161
230 233 483.619354
233 235 23.570686
240 242 551.009216
237 240 417.995331
229 231 616.893188
235 236 783.332031
236 239 750.740356
239 241 45.838860
241 246 142.723419
245 246 133.332031
246 247 200.000000
244 245 750.000000
227 231 917.269958
247 252 933.480835
251 252 650.000000
252 255 650.213623
255 256 133.332031
256 261 483.619354
261 262 100.000000
261 265 600.231384
264 265 183.332031
260 264 37.269836
264 267 383.698029
267 271 23.572067
266 267 166.664062
271 276 186.337479
273 276 134.373474
276 279 184.088165
279 283 317.106232
265 268 483.619293
268 269 200.000000
269 270 566.667969
250 251 716.667969
273 275 800.173584
272 275 200.693192
272 274 716.857788
274 278 600.231445
277 278 200.000000
278 281 300.462585
281 282 400.000000
282 285 117.848457
285 289 37.270710
286 289 23.569305
286 287 100.000000
281 284 533.596252
263 266 816.838013
259 263 283.821777
254 259 300.462677
254 258 101.379593
257 258 316.667969
253 257 167.499344
249 253 52.704422
248 249 300.000000
287 290 816.838013
289 292 1150.482910
292 296 37.270710
296 301 97.181419
301 302 600.000000
302 306 350.396576
306 307 200.000000
307 310 186.337830
306 308 633.551270
310 314 666.872314
314 318 238.632904
317 318 250.000000
314 319 436.207123
303 307 666.876282
298 303 516.936768
299 303 716.857849
297 299 250.554901
299 304 516.936768
300 304 134.369827
300 305 267.188385
309 310 816.838013
310 315 967.242432
315 320 60.092884
320 323 23.570686
323 328 169.968719
327 328 101.379593
322 323 200.000000
328 333 318.417389
333 338 434.616272
334 338 268.739655
329 334 235.704651
329 331 101.379593
331 335 84.985703
335 339 47.144135
339 342 333.748291
339 344 384.782379
344 345 50.000000
338 341 400.346954
340 341 100.000000
340 343 184.092056
343 346 267.184479
330 331 533.592407
346 350 550.252380
350 354 121.337128
354 358 268.743042
358 362 84.982635
354 359 384.778473
355 358 550.252502
353 355 368.175995
349 353 52.705040
348 353 267.188385
353 357 585.474854
357 360 68.720009
360 361 250.000000
361 365 121.336060
365 366 83.332031
359 363 700.198425
363 367 33.332031
367 370 301.846039
369 370 216.664062
368 369 117.852051
363 364 516.936646
332 333 716.664062
368 372 717.442688
372 376 300.462677
375 376 16.664062
376 379 101.378952
379 382 47.144135
376 381 684.144470
381 384 252.212265
384 387 101.379593
387 392 60.091801
392 395 52.705040
395 396 16.667969
396 397 100.000000
397 402 233.930496
402 406 150.922806
397 398 316.664062
393 398 52.705040
390 393 16.664062
398 403 84.986465
388 390 367.046631
403 408 372.674957
404 408 323.608856
404 405 16.667969
382 385 733.521362
408 412 833.502625
412 413 16.664062
412 416 534.376526
416 419 400.347137
419 424 158.113876
424 427 117.852608
427 428 16.667969
424 426 333.748505
428 429 450.000000
429 432 37.265472
430 432 52.703804
432 436 68.720009
436 440 300.462677
440 444 317.106110
443 444 166.667969
433 436 350.396667
431 433 52.703804
431 434 533.592285
434 435 333.332031
435 437 267.188385
437 438 116.667969
437 441 350.396667
441 445 500.277618
445 447 12.674553
447 450 15.911145
445 446 33.332031
450 452 401.386383
452 453 283.332031
453 458 450.308594
453 454 500.000000
454 459 101.379593
459 462 300.462677
459 461 350.396667
461 464 105.408844
464 469 47.141373
469 471 517.738403
471 472 183.335938
471 475 250.554764
475 479 217.304245
479 484 94.282745
478 479 133.335938
484 489 137.435272
489 493 68.716217
492 493 100.000000
492 497 134.373230
497 498 16.667969
498 499 266.667969
499 503 121.333382
503 507 317.102203
503 508 383.697968
508 512 68.716217
512 514 52.705040
514 519 22.609516
518 519 36.030457
518 521 16.667969
512 517 89.751053
521 526 121.336060
516 517 250.000000
511 516 33.332031
525 526 300.000000
522 525 184.087814
488 492 500.277740
488 491 23.572067
487 491 117.852608
475 480 517.742249
480 482 105.408844
491 496 550.252380
497 502 550.252502
485 487 583.570129
502 506 584.283569
506 509 400.347137
505 509 167.499344
504 505 416.664062
501 504 121.336060
506 510 500.277740
510 513 350.396667
448 453 615.138611
500 503 634.212646
439 443 650.213562
407 412 735.034607
407 409 121.336060
409 410 466.664062
410 415 451.233063
415 417 68.715271
417 421 88.996727
421 423 566.124817
418 423 484.480286
423 425 667.496826
420 425 585.474854
483 485 750.185120
483 486 384.778473
486 490 383.694244
457 458 783.332031
417 422 784.044983
490 495 833.498596
325 330 833.998413
324 325 100.000000
321 324 37.266342
316 321 285.286163
312 316 169.964508
312 313 500.000000
311 316 584.287476
372 377 850.163391
337 342 883.960693
336 337 37.270710
442 446 900.154236
399 404 916.819519
342 347 933.927185
347 352 84.981873
352 356 403.112885
351 352 533.332031
367 371 950.584534
371 373 200.693344
373 374 100.000000
374 378 563.161194
378 383 713.041748
383 386 117.848190
380 383 434.612396
386 389 683.539185
389 391 101.379593
389 394 351.583588
295 300 1001.249207
294 295 116.664062
291 294 235.704651
291 293 252.212265
288 291 616.893188
477 478 1016.664062
474 477 134.373703
410 411 1016.667969
456 457 1016.667969
455 456 1016.664062
451 455 467.856842
455 460 600.231445
460 463 89.751053
463 467 252.212265
466 467 100.000000
463 465 400.347137
465 470 337.061188
468 470 121.337128
468 473 111.803398
473 476 533.592407
414 419 1017.210327
444 449 1066.798218
481 486 1167.738892
494 495 1216.667969
178 179 1233.332031
179 183 271.314941
183 186 101.379593
186 190 117.852325
190 194 37.266342
189 190 133.332031
194 195 133.335938
191 195 117.848457
180 183 206.155289
180 181 169.964890
163 165 1233.444702
161 162 1250.111084
161 164 47.138611
164 168 52.705040
168 169 150.000000
169 170 33.335938
399 400 1316.664062
400 401 685.860718
279 280 1400.000000
228 233 1500.370361
131 132 1550.000000
322 326 1600.086792
525 529 1633.416992
529 532 101.379593
532 533 83.332031
532 537 90.562576
537 540 189.632996
528 529 316.667969
524 528 233.926605
520 524 37.267216
540 541 550.252502
536 541 438.430481
534 536 37.265472
535 536 333.752197
535 538 285.285919
538 542 53.697819
542 543 164.170074
524 527 866.828247
527 531 283.821869
523 527 500.277740
530 531 566.667969
542 547 1329.246460
547 551 344.622009
551 554 123.254250
549 554 483.623260
551 555 643.977844
555 559 23.572067
556 559 101.379593
559 561 134.369339
561 563 184.092056
561 566 584.283752
566 571 167.498962
571 575 117.848740
575 579 383.694244
579 583 117.852051
578 583 23.566544
574 578 23.569305
583 588 68.720009
588 589 133.332031
577 578 216.667969
577 580 194.738708
576 580 5.839551
580 585 93.483047
585 587 64.825935
587 591 251.673492
584 589 283.825775
570 574 317.102417
572 576 411.937897
569 572 172.374039
569 573 250.555023
589 590 416.667969
586 591 631.666260
582 586 117.852608
581 582 200.000000
556 557 683.332031
557 558 83.335938
568 573 733.525330
567 568 250.000000
565 567 666.872314
564 565 383.335938
562 563 750.000000
560 562 200.693344
591 596 881.791626
596 597 266.664062
595 596 350.000000
597 602 558.341980
597 598 616.667969
598 603 142.580933
603 605 158.336914
605 608 52.705040
604 608 52.705040
605 609 150.923233
609 614 131.627533
614 618 21.818539
618 623 30.852160
615 618 44.273476
623 628 160.465927
627 628 33.332031
626 627 83.332031
624 626 87.500443
619 624 97.227463
628 630 107.274422
603 606 225.000687
624 625 295.836060
606 610 400.347137
610 611 166.664062
611 616 52.705040
616 620 134.373230
620 621 300.000000
617 621 23.566544
612 617 68.716217
617 622 150.922806
613 617 150.923233
599 603 508.587219
599 600 16.667969
600 601 500.000000
630 635 741.162109
634 635 16.667969
634 638 52.705040
638 640 333.748505
635 637 387.481781
637 639 346.118408
639 642 24.232634
642 645 77.779411
644 645 16.667969
643 644 24.601786
645 650 85.033592
650 654 104.774330
654 657 36.529476
650 653 119.910736
653 656 169.964508
656 659 97.068703
656 661 101.379593
654 658 264.300262
658 662 25.401421
658 663 98.914467
663 664 33.332031
648 653 300.462677
646 648 60.091801
647 648 134.369339
647 652 219.216858
652 655 137.439056
649 654 343.703552
661 665 353.096100
665 668 219.451645
668 673 87.979874
668 672 105.408844
672 676 52.705040
676 680 88.308258
680 685 33.080296
685 689 37.691685
680 681 62.262711
677 681 122.693718
681 684 126.777496
684 687 10.035143
687 690 138.590988
686 690 44.390774
690 695 117.072395
694 695 16.664062
695 700 52.705040
700 703 37.268963
703 704 16.664062
703 707 16.667969
707 708 16.664062
700 701 45.482319
701 702 23.261789
702 706 16.667969
699 702 23.569305
697 699 19.648226
705 706 33.335938
705 710 32.763042
710 715 28.167244
697 698 42.308163
707 709 46.538277
709 712 9.567028
712 717 23.566544
717 718 16.667969
718 719 16.667969
719 720 16.664062
712 716 23.569305
713 716 20.782518
714 719 43.036907
716 721 89.466461
721 724 42.103317
724 725 33.332031
725 726 16.667969
726 731 9.973477
731 732 15.055725
728 731 16.787359
727 728 15.811388
727 729 12.302657
729 730 14.218722
695 696 100.849731
671 673 145.160416
669 672 217.308136
676 679 233.926331
679 683 37.270710
683 688 68.720009
675 679 184.091705
674 675 116.664062
674 678 150.922806
678 682 68.716217
655 660 383.698151
688 693 384.778473
692 693 133.335938
691 692 316.664062
641 642 405.287354
636 641 62.741100
667 669 416.997162
665 670 514.213623
721 723 777.362061
722 723 333.332031
631 636 866.828186
629 631 117.852608
631 632 133.332031
651 652 933.332031
550 555 950.146179
549 553 983.473267
552 553 816.667969
548 552 150.923233
544 548 52.703804
544 545 16.667969
539 544 126.930748
545 546 816.667969
594 595 1100.000000
593 594 233.335938
592 593 66.664062
666 667 1100.000000
711 715 1163.102539
731 733 1203.570557
633 638 1250.111206
602 607 1441.980103
515 520 1683.418457