217039.171721
576 580 5.839551
709 712 9.567028
726 731 9.973477
684 687 10.035143
727 729 12.302657
445 447 12.674553
729 730 14.218722
731 732 15.055725
727 728 15.811388
447 450 15.911145
707 708 16.664062
694 695 16.664062
703 704 16.664062
390 393 16.664062
375 376 16.664062
719 720 16.664062
412 413 16.664062
2 5 16.666016
427 428 16.667969
404 405 16.667969
73 74 16.667969
518 521 16.667969
725 726 16.667969
395 396 16.667969
704 708 16.667969
497 498 16.667969
634 635 16.667969
718 719 16.667969
83 84 16.667969
702 706 16.667969
644 645 16.667969
544 545 16.667969
142 146 16.667969
717 718 16.667969
599 600 16.667969
728 731 16.787359
697 699 19.648226
713 716 20.782518
614 618 21.818539
514 519 22.609516
701 702 23.261789
712 717 23.566544
578 583 23.566544
617 621 23.566544
222 224 23.569305
286 289 23.569305
712 716 23.569305
699 702 23.569305
574 578 23.569305
155 159 23.569305
156 160 23.569305
233 235 23.570686
232 234 23.570686
23 25 23.570686
78 83 23.570686
320 323 23.570686
160 162 23.570686
192 196 23.572067
267 271 23.572067
88 89 23.572067
555 559 23.572067
488 491 23.572067
639 642 24.232634
643 644 24.601786
658 662 25.401421
710 715 28.167244
618 623 30.852160
705 710 32.763042
680 685 33.080296
627 628 33.332031
663 664 33.332031
78 79 33.332031
66 67 33.332031
445 446 33.332031
724 725 33.332031
511 516 33.332031
71 72 33.332031
166 167 33.332031
32 34 33.332031
72 73 33.332031
363 367 33.332031
162 167 33.333984
98 102 33.333984
51 56 33.333984
705 706 33.335938
169 170 33.335938
152 153 33.335938
518 519 36.030457
654 657 36.529476
534 536 37.265472
429 432 37.265472
218 222 37.266342
131 133 37.266342
190 194 37.266342
321 324 37.266342
110 113 37.266342
144 147 37.266342
85 90 37.267216
120 123 37.267216
38 39 37.267216
520 524 37.267216
11 12 37.267216
700 703 37.268963
260 264 37.269836
184 187 37.269836
292 296 37.270710
679 683 37.270710
58 60 37.270710
285 289 37.270710
156 159 37.270710
336 337 37.270710
685 689 37.691685
721 724 42.103317
697 698 42.308163
714 719 43.036907
615 618 44.273476
686 690 44.390774
700 701 45.482319
239 241 45.838860
707 709 46.538277
161 164 47.138611
29 32 47.139992
136 141 47.141373
54 59 47.141373
464 469 47.141373
29 31 47.142754
379 382 47.144135
335 339 47.144135
79 80 50.000000
344 345 50.000000
108 109 50.000000
74 75 50.000000
430 432 52.703804
431 433 52.703804
544 548 52.703804
62 66 52.704422
249 253 52.704422
175 177 52.704422
147 151 52.704422
172 176 52.704422
139 141 52.704422
4 6 52.705040
634 638 52.705040
164 168 52.705040
16 18 52.705040
349 353 52.705040
605 608 52.705040
672 676 52.705040
392 395 52.705040
604 608 52.705040
393 398 52.705040
140 144 52.705040
695 700 52.705040
611 616 52.705040
512 514 52.705040
538 542 53.697819
226 230 60.091801
387 392 60.091801
646 648 60.091801
315 320 60.092884
680 681 62.262711
636 641 62.741100
585 587 64.825935
592 593 66.664062
216 217 66.667969
415 417 68.715271
103 107 68.715744
197 200 68.715744
106 111 68.716217
508 512 68.716217
612 617 68.716217
489 493 68.716217
678 682 68.716217
49 52 68.718109
187 192 68.719528
61 64 68.719528
12 13 68.719528
119 120 68.719528
217 222 68.719528
52 55 68.720009
357 360 68.720009
432 436 68.720009
238 242 68.720009
683 688 68.720009
583 588 68.720009
95 98 74.532684
3 7 74.534431
642 645 77.779411
626 627 83.332031
532 533 83.332031
44 45 83.332031
52 53 83.332031
365 366 83.332031
25 27 83.333984
28 30 83.334373
38 42 83.334373
557 558 83.335938
177 178 83.335938
242 243 83.335938
347 352 84.981873
56 58 84.982254
107 112 84.982635
358 362 84.982635
331 335 84.985703
122 123 84.986084
398 403 84.986465
645 650 85.033592
624 626 87.500443
668 673 87.979874
676 680 88.308258
417 421 88.996727
716 721 89.466461
460 463 89.751053
512 517 89.751053
113 116 89.751778
7 9 89.754318
532 537 90.562576
580 585 93.483047
479 484 94.282745
656 659 97.068703
296 301 97.181419
64 69 97.181419
8 12 97.183090
619 624 97.227463
658 663 98.914467
492 493 100.000000
261 262 100.000000
373 374 100.000000
324 325 100.000000
466 467 100.000000
3 4 100.000000
286 287 100.000000
340 341 100.000000
396 397 100.000000
695 696 100.849731
376 379 101.378952
208 212 101.379265
80 85 101.379265
329 331 101.379593
529 532 101.379593
556 559 101.379593
183 186 101.379593
327 328 101.379593
454 459 101.379593
254 258 101.379593
656 661 101.379593
384 387 101.379593
389 391 101.379593
650 654 104.774330
480 482 105.408844
461 464 105.408844
129 134 105.408844
668 672 105.408844
76 78 105.409462
33 38 106.717316
47 51 106.717316
628 630 107.274422
468 473 111.803398
0 2 111.803398
66 71 111.803398
674 675 116.664062
294 295 116.664062
198 199 116.664062
127 128 116.667969
437 438 116.667969
690 695 117.072395
383 386 117.848190
282 285 117.848457
191 195 117.848457
148 153 117.848457
100 101 117.848457
571 575 117.848740
579 583 117.852051
368 369 117.852051
146 150 117.852325
186 190 117.852325
582 586 117.852608
223 226 117.852608
424 427 117.852608
629 631 117.852608
487 491 117.852608
650 653 119.910736
57 62 121.332840
499 503 121.333382
501 504 121.336060
361 365 121.336060
521 526 121.336060
407 409 121.336060
133 136 121.336594
11 14 121.336594
350 354 121.337128
468 470 121.337128
677 681 122.693718
551 554 123.254250
681 684 126.777496
539 544 126.930748
609 614 131.627533
255 256 133.332031
631 632 133.332031
189 190 133.332031
588 589 133.332031
245 246 133.332031
692 693 133.335938
194 195 133.335938
478 479 133.335938
647 648 134.369339
559 561 134.369339
22 23 134.369827
300 304 134.369827
229 232 134.369827
616 620 134.373230
492 497 134.373230
273 276 134.373474
474 477 134.373703
107 111 134.373703
484 489 137.435272
56 61 137.435745
213 215 137.435745
34 36 137.435745
100 105 137.439056
652 655 137.439056
134 138 137.439545
687 690 138.590988
40 43 142.402496
598 603 142.580933
241 246 142.723419
671 673 145.160416
18 20 149.070618
69 70 150.000000
168 169 150.000000
402 406 150.922806
617 622 150.922806
674 678 150.922806
211 214 150.923019
234 238 150.923019
130 133 150.923019
548 552 150.923233
155 158 150.923233
613 617 150.923233
605 609 150.923233
9 14 153.657104
53 57 153.659210
419 424 158.113876
94 99 158.113876
603 605 158.336914
623 628 160.465927
542 543 164.170074
610 611 166.664062
266 267 166.664062
443 444 166.667969
566 571 167.498962
219 223 167.499161
253 257 167.499344
505 509 167.499344
653 656 169.964508
312 316 169.964508
180 181 169.964890
323 328 169.968719
1 4 171.594147
569 572 172.374039
264 265 183.332031
87 88 183.332031
471 472 183.335938
522 525 184.087814
145 148 184.087997
139 142 184.087997
276 279 184.088165
675 679 184.091705
95 96 184.091888
90 92 184.091888
106 110 184.092056
561 563 184.092056
340 343 184.092056
17 21 186.336960
271 276 186.337479
77 81 186.337830
307 310 186.337830
537 540 189.632996
120 125 190.031754
15 17 190.031754
577 580 194.738708
50 54 195.081223
246 247 200.000000
322 323 200.000000
277 278 200.000000
268 269 200.000000
581 582 200.000000
306 307 200.000000
272 275 200.693192
102 105 200.693192
149 154 200.693192
185 188 200.693192
560 562 200.693344
371 373 200.693344
18 23 203.444397
21 24 206.155289
180 183 206.155289
369 370 216.664062
577 578 216.667969
150 155 217.304108
475 479 217.304245
137 140 217.307999
669 672 217.308136
647 652 219.216858
665 668 219.451645
603 606 225.000687
14 16 226.688492
45 46 233.332031
593 594 233.335938
200 201 233.335938
676 679 233.926331
524 528 233.926605
397 402 233.930496
329 334 235.704651
291 294 235.704651
5 10 236.878342
314 318 238.632904
48 51 242.668900
37 41 247.766800
360 361 250.000000
567 568 250.000000
516 517 250.000000
224 225 250.000000
317 318 250.000000
471 475 250.554764
212 214 250.554901
297 299 250.554901
569 573 250.555023
587 591 251.673492
291 293 252.212265
381 384 252.212265
463 467 252.212265
93 98 254.950974
654 658 264.300262
596 597 266.664062
498 499 266.667969
343 346 267.184479
435 437 267.188385
348 353 267.188385
154 158 267.188385
300 305 267.188385
334 338 268.739655
354 358 268.743042
230 234 268.743286
202 206 268.743286
179 183 271.314941
37 42 279.385681
153 154 283.332031
452 453 283.332031
39 40 283.332031
259 263 283.821777
527 531 283.821869
198 202 283.825653
62 65 283.825653
584 589 283.825775
21 26 284.797668
535 538 285.285919
316 321 285.286163
99 104 285.290039
20 24 287.713837
28 33 295.333008
624 625 295.836060
248 249 300.000000
620 621 300.000000
525 526 300.000000
278 281 300.462585
60 63 300.462585
81 86 300.462585
459 462 300.462677
372 376 300.462677
254 259 300.462677
436 440 300.462677
648 653 300.462677
367 370 301.846039
94 97 301.846252
113 118 304.138123
397 398 316.664062
691 692 316.664062
528 529 316.667969
257 258 316.667969
503 507 317.102203
91 94 317.102325
570 574 317.102417
440 444 317.106110
209 213 317.106232
279 283 317.106232
134 137 318.413696
328 333 318.417389
225 229 318.417389
404 408 323.608856
434 435 333.332031
722 723 333.332031
173 174 333.335938
339 342 333.748291
638 640 333.748505
424 426 333.748505
535 536 333.752197
114 117 334.994629
465 470 337.061188
36 41 343.594818
649 654 343.703552
547 551 344.622009
637 639 346.118408
595 596 350.000000
172 173 350.000000
302 306 350.396576
437 441 350.396667
433 436 350.396667
510 513 350.396667
140 145 350.396667
459 461 350.396667
389 394 351.583588
661 665 353.096100
220 221 366.667969
388 390 367.046631
192 197 367.046631
353 355 368.175995
109 114 368.180054
59 64 368.180054
403 408 372.674957
564 565 383.335938
575 579 383.694244
486 490 383.694244
503 508 383.697968
264 267 383.698029
143 147 383.698029
655 660 383.698151
483 486 384.778473
688 693 384.778473
135 140 384.778473
27 28 384.778473
354 359 384.778473
200 205 384.778656
339 344 384.782379
635 637 387.481781
281 282 400.000000
338 341 400.346954
463 465 400.347137
506 509 400.347137
606 610 400.347137
416 419 400.347137
450 452 401.386383
65 68 401.386536
352 356 403.112885
641 642 405.287354
572 576 411.937897
174 175 416.664062
504 505 416.664062
589 590 416.667969
667 669 416.997162
104 108 416.997223
188 193 416.997223
68 70 416.997223
237 240 417.995331
380 383 434.612396
333 338 434.616272
314 319 436.207123
536 541 438.430481
19 22 441.271912
10 15 448.766083
428 429 450.000000
215 220 450.308502
453 458 450.308594
410 415 451.233063
409 410 466.664062
124 125 466.664062
451 455 467.856842
116 121 469.338898
265 268 483.619293
256 261 483.619354
230 233 483.619354
203 205 483.619354
549 554 483.623260
418 423 484.480286
453 454 500.000000
600 601 500.000000
312 313 500.000000
43 44 500.000000
75 76 500.000000
441 445 500.277618
44 49 500.277679
89 91 500.277679
205 209 500.277679
506 510 500.277740
488 492 500.277740
193 197 500.277740
523 527 500.277740
599 603 508.587219
665 670 514.213623
201 202 516.664062
363 364 516.936646
204 207 516.936768
298 303 516.936768
299 304 516.936768
469 471 517.738403
475 480 517.742249
351 352 533.332031
165 166 533.335938
431 434 533.592285
473 476 533.592407
330 331 533.592407
281 284 533.596252
412 416 534.376526
346 350 550.252380
491 496 550.252380
207 211 550.252441
497 502 550.252502
540 541 550.252502
355 358 550.252502
240 242 551.009216
597 602 558.341980
374 378 563.161194
421 423 566.124817
269 270 566.667969
530 531 566.667969
199 204 567.647461
86 87 583.335938
171 176 583.570068
485 487 583.570129
502 506 584.283569
561 566 584.283752
311 316 584.287476
420 425 585.474854
353 357 585.474854
301 302 600.000000
261 265 600.231384
102 106 600.231384
274 278 600.231445
455 460 600.231445
448 453 615.138611
597 598 616.667969
205 210 616.893127
288 291 616.893188
229 231 616.893188
586 591 631.666260
306 308 633.551270
182 185 633.551331
500 503 634.212646
551 555 643.977844
251 252 650.000000
439 443 650.213562
252 255 650.213623
35 40 653.409973
128 129 666.664062
310 314 666.872314
565 567 666.872314
303 307 666.876282
423 425 667.496826
215 216 683.332031
556 557 683.332031
125 130 683.535278
386 389 683.539185
376 381 684.144470
400 401 685.860718
359 363 700.198425
117 122 701.783447
378 383 713.041748
332 333 716.664062
250 251 716.667969
272 274 716.857788
299 303 716.857849
368 372 717.442688
382 385 733.521362
568 573 733.525330
407 412 735.034607
630 635 741.162109
244 245 750.000000
562 563 750.000000
483 485 750.185120
236 239 750.740356
721 723 777.362061
235 236 783.332031
457 458 783.332031
417 422 784.044983
273 275 800.173584
99 103 800.694153
552 553 816.667969
545 546 816.667969
263 266 816.838013
309 310 816.838013
287 290 816.838013
490 495 833.498596
408 412 833.502625
325 330 833.998413
372 377 850.163391
631 636 866.828186
524 527 866.828247
591 596 881.791626
337 342 883.960693
177 182 884.746033
442 446 900.154236
399 404 916.819519
115 116 916.819519
227 231 917.269958
651 652 933.332031
247 252 933.480835
342 347 933.927185
550 555 950.146179
367 371 950.584534
82 87 966.807739
310 315 967.242432
549 553 983.473267
122 126 1000.555359
295 300 1001.249207
455 456 1016.664062
477 478 1016.664062
456 457 1016.667969
410 411 1016.667969
152 157 1016.800659
414 419 1017.210327
444 449 1066.798218
666 667 1100.000000
594 595 1100.000000
92 94 1100.126221
289 292 1150.482910
711 715 1163.102539
481 486 1167.738892
731 733 1203.570557
494 495 1216.667969
167 172 1216.782104
178 179 1233.332031
163 165 1233.444702
161 162 1250.111084
633 638 1250.111206
399 400 1316.664062
542 547 1329.246460
279 280 1400.000000
602 607 1441.980103
228 233 1500.370361
131 132 1550.000000
322 326 1600.086792
525 529 1633.416992
515 520 1683.418457