839217.319180
729 730 14.218722
731 732 15.055725
727 728 15.811388
703 704 16.664062
375 376 16.664062
719 720 16.664062
412 413 16.664062
694 695 16.664062
707 708 16.664062
544 545 16.667969
73 74 16.667969
717 718 16.667969
83 84 16.667969
497 498 16.667969
427 428 16.667969
599 600 16.667969
718 719 16.667969
395 396 16.667969
644 645 16.667969
404 405 16.667969
634 635 16.667969
725 726 16.667969
701 702 23.261789
88 89 23.572067
643 644 24.601786
728 729 26.114754
712 713 33.286289
724 725 33.332031
716 717 33.332031
78 79 33.332031
726 727 33.332031
663 664 33.332031
627 628 33.332031
72 73 33.332031
71 72 33.332031
445 446 33.332031
166 167 33.332031
66 67 33.332031
705 706 33.335938
169 170 33.335938
152 153 33.335938
518 519 36.030457
11 12 37.267216
38 39 37.267216
336 337 37.270710
697 698 42.308163
446 447 45.066772
700 701 45.482319
285 286 50.000000
74 75 50.000000
79 80 50.000000
108 109 50.000000
155 156 50.000000
159 160 50.000000
344 345 50.000000
698 699 55.395313
730 731 56.126606
680 681 62.262711
708 709 63.016888
614 615 64.638985
592 593 66.664062
216 217 66.667969
31 32 66.667969
119 120 68.719528
12 13 68.719528
365 366 83.332031
532 533 83.332031
429 430 83.332031
626 627 83.332031
52 53 83.332031
44 45 83.332031
699 700 83.332031
557 558 83.335938
177 178 83.335938
242 243 83.335938
122 123 84.986084
396 397 100.000000
706 707 100.000000
286 287 100.000000
217 218 100.000000
373 374 100.000000
492 493 100.000000
324 325 100.000000
702 703 100.000000
466 467 100.000000
3 4 100.000000
261 262 100.000000
604 605 100.000000
340 341 100.000000
517 518 100.000000
695 696 100.849731
327 328 101.379593
642 643 115.835022
294 295 116.664062
198 199 116.664062
674 675 116.664062
127 128 116.667969
662 663 116.667969
437 438 116.667969
555 556 116.667969
100 101 117.848457
368 369 117.852051
709 710 118.630196
715 716 120.432404
713 714 125.360092
255 256 133.332031
588 589 133.332031
245 246 133.332031
578 579 133.332031
189 190 133.332031
631 632 133.332031
692 693 133.335938
478 479 133.335938
487 488 133.335938
194 195 133.335938
647 648 134.369339
22 23 134.369827
168 169 150.000000
69 70 150.000000
6 7 150.923019
704 705 150.923233
542 543 164.170074
266 267 166.664062
158 159 166.664062
621 622 166.664062
610 611 166.664062
443 444 166.667969
180 181 169.964890
686 687 171.388763
720 721 172.788300
672 673 174.003998
264 265 183.332031
130 131 183.332031
84 85 183.332031
87 88 183.332031
471 472 183.335938
646 647 184.088165
95 96 184.091888
581 582 200.000000
277 278 200.000000
322 323 200.000000
268 269 200.000000
306 307 200.000000
576 577 200.000000
246 247 200.000000
106 107 200.000000
608 609 200.000000
684 685 203.056396
369 370 216.664062
612 613 216.664062
577 578 216.667969
13 14 216.667969
111 112 216.667969
653 654 223.114624
714 715 229.178741
45 46 233.332031
141 142 233.332031
200 201 233.335938
593 594 233.335938
696 697 248.339813
516 517 250.000000
567 568 250.000000
224 225 250.000000
110 111 250.000000
360 361 250.000000
60 61 250.000000
317 318 250.000000
334 335 250.000000
603 604 258.336517
596 597 266.664062
498 499 266.667969
676 677 270.174988
153 154 283.332031
190 191 283.332031
39 40 283.332031
452 453 283.332031
657 658 285.835938
624 625 295.836060
689 690 296.809601
620 621 300.000000
248 249 300.000000
525 526 300.000000
688 689 303.675598
8 9 316.664062
691 692 316.664062
397 398 316.664062
47 48 316.664062
257 258 316.667969
348 349 316.667969
528 529 316.667969
668 669 317.106110
37 38 317.106232
671 672 317.504395
679 680 320.000122
434 435 333.332031
722 723 333.332031
511 512 333.332031
611 612 333.335938
65 66 333.335938
173 174 333.335938
535 536 333.752197
682 683 350.000000
595 596 350.000000
655 656 350.000000
172 173 350.000000
7 8 359.784027
623 624 364.518555
685 686 364.723602
656 657 366.664062
220 221 366.667969
148 149 366.667969
534 535 366.667969
564 565 383.335938
605 606 383.335938
196 197 383.335938
625 626 383.335938
27 28 384.778473
258 259 400.000000
304 305 400.000000
281 282 400.000000
211 212 400.000000
144 145 400.000000
641 642 405.287354
174 175 416.664062
504 505 416.664062
229 230 416.667969
430 431 416.667969
143 144 416.667969
432 433 416.667969
589 590 416.667969
154 155 416.667969
675 676 416.667969
572 573 422.328308
149 150 433.332031
645 646 433.656372
618 619 439.378784
649 650 446.702515
678 679 450.000000
616 617 450.000000
428 429 450.000000
137 138 450.000000
426 427 450.000000
101 102 450.000000
637 638 453.897522
687 688 463.897369
124 125 466.664062
409 410 466.664062
179 180 466.667969
431 432 466.965393
293 294 483.335938
583 584 483.335938
20 21 483.335938
1 2 487.908264
574 575 500.000000
43 44 500.000000
312 313 500.000000
42 43 500.000000
600 601 500.000000
75 76 500.000000
453 454 500.000000
41 42 500.000000
112 113 500.277679
670 671 516.050110
201 202 516.664062
151 152 516.664062
129 130 516.667969
491 492 516.667969
363 364 516.936646
664 665 530.766663
351 352 533.332031
392 393 533.332031
165 166 533.335938
330 331 533.592407
0 1 534.372620
683 684 540.403320
579 580 544.728394
338 339 550.000000
49 50 550.252441
540 541 550.252502
658 659 556.557129
36 37 566.667969
530 531 566.667969
269 270 566.667969
505 506 566.667969
68 69 566.909058
24 25 566.913025
433 434 583.332031
86 87 583.335938
23 24 583.335938
253 254 583.335938
138 139 600.000000
301 302 600.000000
521 522 600.231445
147 148 616.664062
63 64 616.667969
328 329 616.667969
597 598 616.667969
5 6 618.687744
171 172 633.332031
329 330 633.332031
4 5 633.332031
660 661 633.335938
609 610 633.335938
402 403 633.335938
367 368 633.551331
58 59 650.000000
299 300 650.000000
461 462 650.000000
652 653 650.000000
251 252 650.000000
598 599 650.000000
54 55 650.000000
358 359 650.000000
587 588 650.000000
9 10 650.854187
673 674 656.665527
128 129 666.664062
488 489 666.664062
318 319 666.667969
123 124 666.872314
215 216 683.332031
556 557 683.332031
403 404 683.332031
59 60 683.539185
400 401 685.860718
507 508 700.000000
333 334 700.000000
570 571 700.000000
569 570 700.000000
332 333 716.664062
250 251 716.667969
50 51 718.410034
661 662 733.332031
667 668 733.332031
2 3 733.521362
265 266 733.521362
479 480 733.521423
18 19 733.521423
654 655 740.265015
499 500 750.000000
562 563 750.000000
231 232 750.000000
244 245 750.000000
311 312 750.000000
465 466 750.185120
233 234 750.185120
681 682 765.039551
554 555 766.664062
232 233 766.667969
234 235 766.667969
133 134 766.849060
67 68 767.392273
235 236 783.332031
457 458 783.332031
225 226 783.335938
29 30 783.509277
17 18 783.509277
638 639 800.000000
105 106 800.000000
53 54 800.173584
16 17 800.694153
636 637 812.900818
615 616 816.664062
552 553 816.667969
545 546 816.667969
260 261 816.667969
723 724 816.667969
354 355 816.837952
381 382 816.838013
30 31 816.838013
309 310 816.838013
659 660 829.450928
307 308 833.498657
343 344 850.000000
693 694 850.000000
458 459 850.000000
28 29 850.653381
648 649 866.113464
102 103 866.664062
192 193 866.667969
558 559 866.828247
421 422 867.230164
19 20 868.105164
40 41 868.105164
64 65 883.332031
586 587 883.332031
10 11 883.960693
509 510 900.000000
118 119 900.000000
221 222 900.000000
274 275 916.664062
134 135 916.815613
223 224 916.819519
115 116 916.819519
21 22 917.273804
222 223 933.332031
651 652 933.332031
496 497 933.332031
289 290 933.332031
275 276 933.335938
575 576 933.480835
561 562 933.484741
585 586 947.023865
387 388 950.000000
502 503 950.146179
677 678 953.357300
96 97 966.664062
533 534 966.667969
136 137 966.807739
237 238 983.332031
568 569 983.335938
297 298 983.473267
15 16 983.477173
272 273 1000.000000
584 585 1003.067261
477 478 1016.664062
455 456 1016.664062
410 411 1016.667969
456 457 1016.667969
48 49 1033.335938
230 231 1033.470337
25 26 1033.869507
26 27 1034.541016
669 670 1050.000000
284 285 1050.000000
267 268 1050.000000
207 208 1050.000000
70 71 1050.000000
339 340 1050.132202
541 542 1062.502319
218 219 1066.667969
243 244 1083.332031
103 104 1083.335938
145 146 1100.000000
527 528 1100.000000
197 198 1100.000000
467 468 1100.000000
594 595 1100.000000
361 362 1100.000000
666 667 1100.000000
33 34 1100.126221
32 33 1100.126221
721 722 1110.652344
209 210 1116.667969
417 418 1133.332031
560 561 1133.335938
439 440 1133.335938
512 513 1133.454590
639 640 1133.454590
485 486 1133.454590
82 83 1150.000000
510 511 1150.000000
376 377 1150.000000
175 176 1150.120728
199 200 1150.120728
345 346 1166.783081
536 537 1169.227905
513 514 1183.332031
476 477 1183.335938
353 354 1183.449463
55 56 1183.449463
405 406 1183.453369
710 711 1185.571899
635 636 1200.000000
176 177 1200.000000
14 15 1201.041260
629 630 1209.449951
732 733 1210.518555
506 507 1216.667969
140 141 1216.667969
206 207 1216.667969
302 303 1216.667969
494 495 1216.667969
97 98 1216.778198
571 572 1227.798584
178 179 1233.332031
303 304 1233.332031
449 450 1233.332031
298 299 1233.332031
61 62 1233.335938
51 52 1250.000000
370 371 1250.000000
349 350 1250.000000
81 82 1250.000000
319 320 1250.000000
161 162 1250.111084
484 485 1250.111084
573 574 1266.664062
160 161 1266.667969
435 436 1266.773804
559 560 1266.777588
139 140 1266.777588
341 342 1283.332031
125 126 1283.335938
335 336 1283.335938
633 634 1300.000000
711 712 1300.000000
447 448 1308.623901
617 618 1310.835571
399 400 1316.664062
628 629 1316.667969
602 603 1316.729980
271 272 1316.773438
630 631 1326.180298
167 168 1333.332031
416 417 1333.335938
187 188 1350.000000
580 581 1355.351318
523 524 1366.667969
263 264 1366.667969
205 206 1400.000000
279 280 1400.000000
415 416 1400.099243
91 92 1416.664062
362 363 1433.332031
441 442 1433.332031
422 423 1433.335938
619 620 1433.335938
690 691 1433.364990
622 623 1439.750122
490 491 1450.000000
94 95 1450.095825
590 591 1451.668945
553 554 1466.667969
150 151 1466.758789
613 614 1481.155396
56 57 1483.332031
440 441 1483.332031
357 358 1500.000000
474 475 1500.000000
184 185 1516.664062
436 437 1533.332031
146 147 1533.422607
640 641 1548.893677
131 132 1550.000000
107 108 1566.664062
135 136 1566.664062
57 58 1566.752686
342 343 1566.756592
407 408 1567.022461
582 583 1583.332031
473 474 1583.332031
132 133 1583.419678
550 551 1593.897339
157 158 1600.000000
350 351 1600.000000
90 91 1600.086792
259 260 1616.664062
282 283 1616.664062
202 203 1616.750000
290 291 1633.332031
314 315 1633.416992
98 99 1666.664062
501 502 1683.332031
398 399 1683.335938
188 189 1683.335938
408 409 1683.335938
249 250 1700.000000
650 651 1702.810059
486 487 1716.664062
273 274 1716.744995
495 496 1733.332031
185 186 1733.335938
331 332 1750.079346
93 94 1766.664062
385 386 1766.667969
337 338 1766.742676
117 118 1766.746582
62 63 1783.413818
537 538 1785.837524
384 385 1800.000000
531 532 1800.000000
270 271 1800.077148
162 163 1800.077148
156 157 1800.077148
420 421 1816.160278
120 121 1816.744385
308 309 1833.332031
164 165 1850.075073
35 36 1850.300293
315 316 1866.667969
121 122 1916.667969
142 143 1916.740356
548 549 1950.000000
413 414 1966.734619
34 35 1983.332031
483 484 2000.000000
226 227 2000.069458
99 100 2000.069458
109 110 2000.069458
546 547 2016.664062
388 389 2033.332031
665 666 2052.778076
326 327 2066.667969
359 360 2083.398682
320 321 2100.000000
89 90 2100.000000
204 205 2100.066162
489 490 2133.397217
116 117 2150.000000
323 324 2150.000000
104 105 2150.064697
238 239 2150.064697
46 47 2166.728271
524 525 2183.332031
241 242 2192.255127
549 550 2200.000000
296 297 2200.063232
379 380 2216.667969
310 311 2250.000000
262 263 2250.061768
193 194 2266.664062
529 530 2266.729248
444 445 2300.000000
390 391 2300.000000
371 372 2300.060547
377 378 2312.276855
321 322 2316.728027
508 509 2316.728027
366 367 2333.332031
411 412 2333.391602
601 602 2341.670410
219 220 2366.726807
236 237 2383.390381
113 114 2400.000000
389 390 2400.057861
228 229 2400.057861
551 552 2406.137695
406 407 2416.725586
539 540 2450.056641
182 183 2466.667969
566 567 2466.724365
372 373 2500.000000
76 77 2500.055664
80 81 2500.055664
305 306 2500.055664
503 504 2516.719238
448 449 2530.561279
423 424 2533.555176
607 608 2550.000000
210 211 2550.000000
475 476 2550.054443
283 284 2550.054443
203 204 2583.332031
520 521 2583.332031
77 78 2600.053467
382 383 2616.664062
519 520 2618.909180
591 592 2631.706787
278 279 2633.332031
276 277 2650.052490
482 483 2700.051514
239 240 2716.719238
240 241 2742.306152
393 394 2750.000000
563 564 2750.050537
346 347 2766.664062
414 415 2816.664062
391 392 2833.381104
181 182 2833.381104
92 93 2866.712646
418 419 2866.716309
547 548 2900.047852
85 86 2900.047852
468 469 2916.667969
374 375 2916.711670
364 365 2933.379395
606 607 2983.382568
380 381 3000.046387
252 253 3016.714111
469 470 3033.519043
450 451 3050.045654
287 288 3066.667969
254 255 3083.332031
163 164 3083.332031
438 439 3083.381104
565 566 3133.332031
288 289 3183.375732
300 301 3183.375732
424 425 3200.000000
394 395 3233.375000
500 501 3266.710693
126 127 3266.710693
186 187 3283.378174
195 196 3283.378174
464 465 3333.373779
526 527 3350.041504
183 184 3350.041504
378 379 3362.222656
170 171 3366.709229
522 523 3366.709229
214 215 3366.833008
191 192 3383.373047
442 443 3400.040771
114 115 3400.040771
352 353 3433.372559
451 452 3450.040283
292 293 3466.664062
355 356 3466.667969
213 214 3500.000000
632 633 3516.707520
472 473 3516.707520
425 426 3533.371338
470 471 3550.000000
419 420 3633.335938
256 257 3633.370361
386 387 3666.705811
383 384 3683.369873
291 292 3716.813477
463 464 3733.332031
280 281 3733.369141
212 213 3750.037109
454 455 3766.700928
347 348 3783.368652
460 461 3916.664062
515 516 3916.667969
227 228 3933.332031
316 317 3983.475342
325 326 4050.034424
538 539 4050.034424
295 296 4100.033691
493 494 4116.701660
313 314 4166.697266
208 209 4166.701172
401 402 4235.850098
481 482 4250.000000
459 460 4266.696777
514 515 4300.032227
247 248 4300.032227
543 544 4343.357422
480 481 4350.127930
356 357 4416.699219
462 463 4483.456055