69876.455473
576 580 5.839551
709 712 9.567028
726 731 9.973477
684 687 10.035143
727 729 12.302657
445 447 12.674553
729 730 14.218722
731 732 15.055725
591 598 15.092452
727 728 15.811388
447 450 15.911145
694 695 16.664062
412 413 16.664062
375 376 16.664062
390 393 16.664062
707 708 16.664062
719 720 16.664062
703 704 16.664062
2 5 16.666016
43 49 16.666016
78 84 16.666016
704 708 16.667969
716 726 16.667969
544 545 16.667969
83 84 16.667969
717 718 16.667969
644 645 16.667969
634 635 16.667969
717 727 16.667969
725 726 16.667969
518 521 16.667969
718 719 16.667969
497 498 16.667969
427 428 16.667969
395 396 16.667969
599 600 16.667969
404 405 16.667969
702 706 16.667969
142 146 16.667969
73 74 16.667969
728 731 16.787359
603 609 19.133942
690 696 19.503834
697 699 19.648226
713 716 20.782518
614 618 21.818539
514 519 22.609516
701 702 23.261789
617 621 23.566544
712 717 23.566544
578 583 23.566544
155 159 23.569305
598 605 23.569305
286 289 23.569305
574 578 23.569305
586 597 23.569305
699 702 23.569305
156 160 23.569305
222 224 23.569305
23 25 23.570686
160 162 23.570686
320 323 23.570686
232 234 23.570686
233 235 23.570686
555 559 23.572067
192 196 23.572067
88 89 23.572067
488 491 23.572067
267 271 23.572067
639 642 24.232634
643 644 24.601786
658 662 25.401421
710 721 26.351902
706 713 26.636562
714 720 26.882418
710 715 28.167244
671 677 28.169748
618 623 30.852160
705 710 32.763042
680 685 33.080296
689 698 33.085106
363 367 33.332031
71 72 33.332031
724 725 33.332031
78 79 33.332031
72 73 33.332031
695 704 33.332031
707 719 33.332031
445 446 33.332031
66 67 33.332031
280 288 33.332031
627 628 33.332031
511 516 33.332031
166 167 33.332031
663 664 33.332031
613 622 33.332031
32 34 33.332031
51 56 33.333984
162 167 33.333984
98 102 33.333984
169 170 33.335938
705 706 33.335938
621 631 33.335938
152 153 33.335938
665 671 33.388748
605 614 34.055557
615 623 34.420063
677 684 35.461510
687 694 35.939507
518 519 36.030457
654 657 36.529476
673 681 36.756630
489 499 37.265472
663 670 37.265472
575 584 37.265472
429 432 37.265472
592 607 37.265472
329 335 37.265472
534 536 37.265472
396 406 37.265472
131 133 37.266342
321 324 37.266342
218 222 37.266342
110 113 37.266342
190 194 37.266342
144 147 37.266342
262 269 37.267216
430 436 37.267216
167 178 37.267216
520 524 37.267216
11 12 37.267216
38 39 37.267216
120 123 37.267216
85 90 37.267216
512 518 37.267216
409 415 37.268963
203 209 37.268963
700 703 37.268963
103 112 37.268963
369 377 37.268963
260 264 37.269836
165 174 37.269836
184 187 37.269836
41 48 37.269836
679 683 37.270710
660 667 37.270710
292 296 37.270710
124 131 37.270710
285 289 37.270710
156 159 37.270710
336 337 37.270710
58 60 37.270710
685 689 37.691685
689 697 39.215389
673 680 40.991669
614 630 43.267025
686 690 44.390774
438 447 44.653175
239 241 45.838860
161 164 47.138611
184 192 47.138611
157 163 47.138611
145 152 47.138611
29 32 47.139992
464 469 47.141373
622 632 47.141373
679 688 47.141373
54 59 47.141373
166 177 47.141373
656 668 47.141373
277 284 47.141373
136 141 47.141373
29 31 47.142754
379 382 47.144135
335 339 47.144135
393 403 47.144135
630 639 47.223576
529 537 47.707031
415 421 49.480782
201 210 50.000000
266 276 50.000000
549 560 50.000000
74 75 50.000000
341 350 50.000000
79 80 50.000000
83 92 50.000000
344 345 50.000000
67 75 50.000000
108 109 50.000000
271 279 50.000000
273 283 50.000000
483 490 50.000000
493 499 52.703804
422 431 52.703804
544 548 52.703804
210 216 52.703804
430 432 52.703804
185 198 52.703804
431 433 52.703804
91 97 52.703804
172 176 52.704422
249 253 52.704422
175 177 52.704422
139 141 52.704422
242 250 52.704422
147 151 52.704422
62 66 52.704422
392 395 52.705040
393 398 52.705040
4 6 52.705040
182 193 52.705040
16 18 52.705040
604 608 52.705040
508 517 52.705040
164 168 52.705040
140 144 52.705040
530 539 52.705040
611 616 52.705040
605 608 52.705040
198 206 52.705040
672 676 52.705040
634 638 52.705040
349 353 52.705040
517 526 52.705040
486 501 52.705040
538 542 53.697819
595 602 58.427120
241 247 58.999252
57 67 60.091801
42 50 60.091801
593 607 60.091801
133 139 60.091801
226 230 60.091801
246 256 60.091801
186 195 60.091801
387 392 60.091801
646 648 60.091801
484 492 60.091801
541 555 60.091801
245 255 60.091801
130 136 60.091801
588 611 60.091801
590 613 60.091801
612 621 60.091801
579 588 60.091801
315 323 60.091801
164 179 60.091801
661 672 60.091801
163 171 60.092884
219 226 60.092884
221 227 60.092884
682 693 60.093964
669 679 60.093964
333 341 60.093964
453 461 60.093964
562 573 60.093964
572 591 61.838284
636 641 62.741100
624 637 63.577385
585 587 64.825935
659 668 65.802567
667 678 66.664062
209 220 66.666016
604 628 66.667969
552 564 66.667969
413 422 66.667969
722 733 66.667969
216 217 66.667969
384 395 66.667969
649 663 68.315948
415 417 68.715271
103 107 68.715744
197 200 68.715744
106 111 68.716217
533 540 68.716217
678 682 68.716217
508 512 68.716217
550 558 68.716217
609 615 68.716217
61 69 68.717163
69 88 68.718109
111 118 68.718109
49 52 68.718109
419 428 68.719063
505 520 68.719063
12 13 68.719528
119 120 68.719528
217 222 68.719528
61 64 68.719528
387 402 68.720009
238 242 68.720009
52 55 68.720009
357 360 68.720009
583 588 68.720009
659 673 69.142372
585 606 70.112694
561 570 70.710678
183 195 70.710678
331 339 70.710678
487 502 70.710678
577 599 70.710678
224 231 70.710678
141 156 70.710678
213 221 70.710678
668 676 70.710678
643 650 71.201248
421 435 72.356934
628 643 72.989014
576 606 74.532684
231 237 74.532684
95 98 74.532684
183 191 74.533562
138 154 74.534431
3 7 74.534431
129 138 74.536179
259 272 74.536179
298 310 74.536186
149 158 74.537056
678 692 74.537926
648 661 74.537926
53 62 74.537926
581 596 74.537926
109 117 74.537926
645 654 81.940147
540 551 82.368210
650 665 82.580475
427 444 83.331253
139 150 83.331253
333 340 83.331253
284 292 83.331253
492 507 83.331253
655 669 83.331253
365 366 83.332031
597 625 83.332031
626 627 83.332031
547 563 83.332031
44 45 83.332031
170 183 83.332031
532 533 83.332031
52 53 83.332031
554 569 83.332031
82 94 83.332809
322 333 83.332809
205 215 83.332809
134 148 83.333984
25 27 83.333984
516 525 83.334373
522 535 83.334373
223 230 83.334373
334 345 83.334373
612 629 83.334373
484 493 83.334373
28 30 83.334373
439 451 83.334373
584 612 83.334373
373 383 83.334373
337 347 83.334373
469 479 83.334373
38 42 83.334373
196 205 83.334373
691 711 83.334373
498 507 83.334373
453 464 83.334373
64 70 83.334373
348 361 83.335938
242 243 83.335938
557 558 83.335938
619 637 83.795746
653 659 84.745659
589 620 84.981873
347 352 84.981873
215 221 84.982254
56 58 84.982254
566 589 84.982635
247 270 84.982635
472 482 84.982635
358 362 84.982635
539 552 84.982635
171 184 84.984550
122 123 84.986084
340 354 84.986465
327 338 84.986465
542 550 85.060921
568 602 87.067558
624 626 87.500443
321 336 89.751053
460 463 89.751053
601 629 89.751053
246 255 89.751053
711 722 89.751053
289 298 89.751053
546 553 89.751053
261 269 89.751053
545 552 89.751053
257 274 89.751053
128 140 89.751053
579 589 89.751053
113 116 89.751778
435 441 89.752502
570 577 89.752502
154 174 89.752869
7 9 89.754318
186 194 89.754684
674 682 89.754684
397 406 89.754684
416 429 89.756134
532 537 90.562576
563 585 92.590324
583 610 94.279984
649 658 94.280983
302 314 94.281364
479 484 94.282745
359 368 94.282745
478 484 94.282745
472 480 97.181419
76 83 97.181419
451 463 97.181419
296 301 97.181419
431 449 97.181419
502 510 97.181419
441 457 97.181419
152 173 97.183090
33 39 97.183090
8 12 97.183090
195 211 97.183090
179 190 97.183090
30 37 97.183090
228 239 97.183090
80 90 97.184769
635 647 97.184769
515 530 97.184769
571 601 97.184769
135 143 97.184769
366 381 100.000000
466 467 100.000000
559 577 100.000000
286 287 100.000000
324 325 100.000000
358 372 100.000000
373 374 100.000000
3 4 100.000000
695 696 100.849731
376 379 101.378952
462 472 101.378952
36 47 101.378952
174 188 101.378952
208 212 101.379265
240 263 101.379593
380 394 101.379593
454 459 101.379593
389 391 101.379593
254 258 101.379593
309 322 101.379593
327 328 101.379593
556 559 101.379593
241 256 102.737808
401 411 103.877129
537 554 104.475227
235 251 105.408844
600 610 105.408844
318 326 105.408844
129 134 105.408844
474 485 105.408844
509 528 105.408844
274 282 105.409462
371 386 105.410080
116 129 105.410080
81 96 105.410080
561 580 105.530174
647 655 106.716095
290 297 106.717316
47 51 106.717316
173 182 106.717316
407 417 106.718536
375 388 106.718536
424 444 106.718536
93 100 106.721581
223 238 111.803398
0 2 111.803398
307 319 111.803398
557 575 111.803398
63 81 111.803398
485 506 111.803398
468 473 111.803398
93 105 111.803398
185 199 111.803398
692 723 111.803398
188 202 111.803398
448 462 112.565865
551 572 112.801178
587 603 113.182083
294 295 116.664062
674 675 116.664062
293 311 116.667969
127 128 116.667969
437 438 116.667969
383 386 117.848190
148 153 117.848457
100 101 117.848457
282 285 117.848457
404 416 117.848740
191 214 117.850121
147 176 117.850121
297 315 117.850670
121 137 117.850670
179 189 117.850670
35 44 117.852051
368 369 117.852051
146 150 117.852325
582 586 117.852608
487 491 117.852608
655 675 117.854813
641 649 118.350746
117 132 120.183601
55 65 120.184677
489 503 120.185768
425 442 120.185768
408 419 120.185768
353 366 120.185768
448 454 120.436287
525 535 121.333382
114 126 121.334183
261 268 121.336060
361 365 121.336060
105 121 121.336060
77 95 121.336060
501 504 121.336060
503 511 121.336060
11 14 121.336594
560 586 121.337128
468 470 121.337128
225 240 126.928955
652 675 126.930748
506 529 126.930748
575 590 126.930748
77 86 126.930748
526 543 127.324455
234 250 130.169998
346 362 130.169998
424 443 130.169998
606 636 130.169998
118 130 130.171249
454 471 133.335938
158 175 134.368378
243 273 134.369110
68 91 134.369110
258 287 134.369339
59 68 134.369339
443 455 134.369339
573 619 134.369339
647 648 134.369339
480 500 134.369339
477 496 134.369827
457 474 134.369827
300 304 134.369827
229 232 134.369827
22 23 134.369827
640 660 134.369827
193 218 134.371765
312 321 134.371780
119 125 134.371780
263 275 134.371780
455 465 134.372742
273 276 134.373474
474 477 134.373703
107 111 134.373703
589 601 134.373703
625 635 137.435272
388 408 137.435272
251 260 137.435745
56 61 137.435745
137 145 137.435745
34 36 137.435745
582 596 137.436218
60 87 137.436218
377 399 137.436218
181 208 137.438126
343 358 141.421356
236 252 141.421356
491 513 141.421356
564 593 141.421356
206 229 142.398834
305 311 142.398834
290 309 142.398834
96 116 142.400665
40 43 142.402496
308 318 143.370346
208 228 143.370804
602 640 148.783371
490 505 149.068863
535 557 149.068863
63 77 149.069733
526 538 149.070618
18 20 149.070618
330 351 149.070618
386 400 149.074112
279 304 150.000000
295 316 150.922806
268 294 150.922806
99 120 150.922806
339 363 150.922806
244 252 150.923019
482 512 150.923233
9 14 153.657104
402 414 153.657104
436 456 153.657104
476 486 153.657104
27 33 153.658585
473 495 153.658783
48 64 153.658783
527 553 153.658783
282 307 153.658783
89 111 153.659637
351 364 153.660065
115 127 153.660065
255 280 153.660065
143 163 157.231216
314 326 157.234543
308 317 157.235580
180 191 157.235580
410 423 157.236603
94 99 158.113876
444 468 158.113876
456 476 158.113876
320 328 158.113876
227 249 164.146576
244 265 164.147369
362 379 164.990662
266 267 166.664062
381 397 166.665619
382 404 166.665619
176 200 166.667191
175 199 166.667191
202 225 166.667191
564 594 166.668747
253 274 166.668747
265 293 167.497406
90 114 167.497406
505 509 167.499344
352 373 167.499344
452 458 167.499344
312 316 169.964508
338 344 169.964508
180 181 169.964890
50 68 169.969101
524 549 171.593201
442 459 171.593201
1 4 171.594147
507 536 171.595108
231 259 171.595108
172 201 171.595108
248 278 177.167877
426 455 177.168976
423 446 177.169342
281 302 177.170441
304 329 179.505371
299 327 179.505371
460 467 179.505737
495 527 179.505737
385 413 179.507187
343 354 179.507187
269 280 179.507187
237 254 180.277557
364 380 180.277557
306 319 180.277557
264 265 183.332031
481 515 184.088165
106 110 184.092056
17 21 186.336960
236 268 186.337830
37 54 186.339401
420 448 187.220688
338 359 188.562729
368 385 190.027634
414 439 190.027634
249 281 190.027634
345 370 190.027985
326 348 190.030029
475 489 190.030029
15 17 190.031754
9 16 194.364502
296 317 194.364502
531 546 194.366180
423 458 195.076218
418 425 195.077545
252 291 195.079391
394 423 195.079895
277 278 200.000000
389 410 200.692383
73 104 200.693024
394 400 200.693344
310 332 200.693512
18 25 200.693680
263 290 200.693680
220 248 201.384155
272 303 201.385773
567 595 201.387543
429 440 206.155289
467 494 206.155289
21 24 206.155289
381 398 208.831589
360 387 208.831589
17 26 208.833313
68 82 210.818314
311 342 216.664368
65 99 216.666016
386 418 216.666168
251 271 216.666916
565 633 217.303955
411 442 217.309647
523 531 219.217453
204 233 224.228027
510 547 226.692795
92 109 231.540405
434 457 231.541382
45 46 233.332031
132 180 235.701340
523 565 235.705215
5 10 236.878342
332 355 236.879852
45 76 238.629761
465 481 240.369354
633 651 246.082138
37 41 247.766800
633 666 247.767990
313 325 263.522736
10 21 263.523956
378 420 268.331940
325 356 273.353943
21 35 283.821655
692 722 300.461365
19 28 307.317169
207 244 310.017151