120729.289713
0 2 111.803398
2 5 16.666016
5 10 236.878342
10 17 300.462250
17 21 186.336960
15 17 190.031754
21 24 206.155289
17 26 208.833313
20 24 287.713837
18 20 149.070618
16 18 52.705040
9 16 194.364502
7 9 89.754318
3 7 74.534431
3 4 100.000000
4 6 52.705040
9 14 153.657104
11 14 121.336594
11 12 37.267216
12 13 68.719528
8 12 97.183090
1 4 171.594147
18 25 200.693680
23 25 23.570686
25 27 83.333984
22 23 134.369827
27 33 153.658585
33 39 97.183090
38 39 37.267216
38 42 83.334373
42 50 60.091801
50 59 180.277557
54 59 47.141373
59 68 134.369339
33 40 247.766800
40 43 142.402496
43 49 16.666016
49 52 68.718109
52 55 68.720009
52 53 83.332031
53 62 74.537926
62 66 52.704422
66 67 33.332031
67 75 50.000000
74 75 50.000000
73 74 16.667969
72 73 33.332031
71 72 33.332031
57 67 60.091801
55 65 120.184677
28 38 250.000000
28 30 83.334373
30 37 97.183090
37 41 247.766800
41 48 37.269836
48 51 242.668900
51 56 33.333984
56 58 84.982254
58 60 37.270710
47 51 106.717316
56 61 137.435745
61 69 68.717163
61 64 68.719528
64 70 83.334373
60 63 300.462585
19 28 307.317169
26 35 310.017151
35 44 117.852051
44 45 83.332031
45 46 233.332031
36 41 343.594818
34 36 137.435745
32 34 33.332031
29 32 47.139992
29 31 47.142754
72 82 469.338898
82 91 271.311096
91 97 52.703804
94 97 301.846252
94 99 158.113876
99 104 285.290039
97 103 353.553406
103 112 37.268963
103 107 68.715744
107 111 134.373703
106 111 68.716217
111 118 68.718109
106 110 184.092056
110 113 37.266342
113 116 89.751778
118 124 323.609283
124 131 37.270710
131 133 37.266342
133 139 60.091801
139 141 52.704422
136 141 47.141373
130 136 60.091801
141 150 121.332840
146 150 117.852325
142 146 16.667969
150 160 153.659210
156 160 23.569305
160 162 23.570686
162 167 33.333984
166 167 33.332031
156 159 37.270710
155 159 23.569305
167 177 74.536186
175 177 52.704422
177 178 83.335938
155 158 150.923233
149 158 74.537056
149 154 200.693192
148 154 167.499161
148 153 117.848457
152 153 33.335938
145 152 47.138611
137 145 137.435745
138 148 142.402496
129 138 74.536179
129 134 105.408844
175 185 216.666916
185 188 200.693192
188 198 186.341690
198 206 52.705040
198 199 116.664062
137 140 217.307999
140 144 52.705040
144 147 37.266342
147 151 52.704422
128 137 258.736084
127 128 116.667969
127 135 238.629074
135 143 97.184769
121 128 238.629074
202 206 268.743286
193 202 318.413696
193 201 202.758865
201 210 50.000000
210 216 52.703804
216 217 66.667969
217 222 68.719528
222 224 23.569305
218 222 37.266342
224 231 70.710678
231 237 74.532684
200 201 233.335938
197 200 68.715744
218 225 235.701065
225 229 318.417389
229 232 134.369827
232 234 23.570686
234 238 150.923019
238 242 68.720009
242 250 52.704422
242 243 83.335938
230 238 126.930748
226 230 60.091801
219 226 60.092884
223 230 83.334373
197 205 320.591034
205 215 83.332809
196 205 83.334373
192 196 23.572067
184 192 47.138611
184 187 37.269836
215 221 84.982254
221 227 60.092884
213 221 70.710678
203 213 304.138123
203 209 37.268963
220 227 318.417572
158 165 337.065033
165 174 37.269836
165 173 300.462585
173 182 106.717316
172 182 274.874817
172 176 52.704422
231 240 356.292511
96 106 356.292511
95 96 184.091888
95 98 74.532684
98 102 33.333984
86 95 164.148163
77 86 126.930748
86 93 174.002609
93 100 106.721581
100 101 117.848457
100 105 137.439056
77 81 186.337830
87 96 263.523346
87 88 183.332031
88 89 23.572067
104 108 416.997223
108 109 50.000000
109 117 74.537926
117 126 311.358673
126 132 233.930496
114 117 334.994629
105 115 419.657257
226 233 436.207123
233 235 23.570686
124 125 466.664062
119 125 134.371780
119 120 68.719528
120 123 37.267216
122 123 84.986084
75 76 500.000000
76 83 97.181419
83 84 16.667969
78 84 16.666016
78 79 33.332031
83 92 50.000000
79 80 50.000000
80 90 97.184769
85 90 37.267216
151 157 500.277740
157 163 47.138611
163 171 60.092884
235 244 539.803345
244 252 150.923019
236 244 263.523346
252 261 301.846252
261 269 89.751053
262 269 37.267216
261 268 121.336060
255 262 250.555023
245 255 60.091801
246 255 89.751053
246 256 60.091801
239 246 126.930748
239 241 45.838860
241 247 58.999252
265 268 483.619293
264 265 183.332031
260 264 37.269836
251 260 137.435745
260 267 351.583588
267 271 23.572067
271 279 50.000000
266 267 166.664062
266 276 50.000000
273 276 134.373474
273 283 50.000000
283 290 534.372742
290 297 106.717316
297 299 250.554901
299 309 386.579163
309 315 158.113876
315 323 60.091801
320 323 23.570686
320 328 158.113876
327 328 101.379593
328 338 134.372742
323 333 164.147369
333 341 60.093964
341 350 50.000000
333 340 83.331253
350 354 121.337128
338 344 169.964508
344 345 50.000000
334 344 120.185768
315 322 174.006348
340 343 184.092056
329 334 235.704651
329 335 37.265472
335 339 47.144135
331 339 70.710678
343 346 267.184479
354 358 268.743042
358 362 84.982635
362 372 117.849289
372 382 179.503555
379 382 47.144135
376 379 101.378952
375 376 16.664062
379 388 195.077545
350 359 274.871490
359 368 94.282745
368 369 117.852051
369 377 37.268963
370 377 202.759186
377 385 291.068939
367 370 301.846039
363 367 33.332031
339 342 333.748291
342 351 320.591034
303 309 334.994415
388 390 367.046631
390 393 16.664062
393 403 47.144135
393 398 52.705040
381 390 242.669434
381 384 252.212265
384 392 70.710678
392 395 52.705040
395 396 16.667969
396 406 37.265472
387 392 60.091801
392 402 74.537926
397 406 89.754684
406 414 279.382507
403 408 372.674957
408 416 304.138123
404 408 323.608856
404 405 16.667969
346 355 389.089355
349 355 320.587158
349 353 52.705040
348 353 267.188385
353 361 274.875275
361 365 121.336060
365 366 83.332031
360 361 250.000000
357 360 68.720009
416 419 400.347137
419 428 68.719063
427 428 16.667969
424 427 117.852608
424 426 333.748505
419 429 438.434326
429 432 37.265472
430 432 52.703804
430 436 37.267216
432 440 235.701340
440 444 317.106110
443 444 166.667969
433 436 350.396667
431 433 52.703804
422 431 52.703804
413 422 66.667969
412 413 16.664062
303 310 485.915253
307 310 186.337830
298 307 153.659210
289 298 89.751053
286 289 23.569305
285 289 37.270710
286 287 100.000000
282 285 117.848457
274 282 105.409462
306 307 200.000000
310 319 242.668900
306 314 287.709991
314 318 238.632904
318 326 105.408844
308 318 143.370346
308 317 157.235580
302 308 285.285919
274 281 301.846252
278 281 300.462585
277 278 200.000000
277 284 47.141373
284 292 83.331253
292 296 37.270710
296 301 97.181419
363 364 516.936646
364 371 436.207123
371 373 200.693344
373 383 83.334373
373 374 100.000000
383 386 117.848190
371 380 287.709991
386 394 337.065033
394 400 200.693344
389 394 351.583588
389 391 101.379593
400 410 408.588104
410 415 451.233063
409 415 37.268963
415 421 49.480782
415 417 68.715271
407 417 106.718536
399 407 337.061188
299 304 516.936768
300 304 134.369827
300 305 267.188385
305 311 142.398834
293 300 403.112885
291 293 252.212265
291 294 235.704651
294 295 116.664062
288 295 271.314941
280 288 33.332031
270 280 405.517731
351 352 533.332031
347 352 84.981873
337 347 83.334373
336 337 37.270710
347 356 323.608856
431 434 533.592285
434 441 252.212784
435 441 89.752502
435 437 267.188385
437 438 116.667969
438 447 44.653175
445 447 12.674553
447 450 15.911145
445 446 33.332031
450 458 238.629074
452 458 167.499344
452 453 283.332031
453 461 60.093964
461 469 94.277222
464 469 47.141373
469 479 83.334373
479 484 94.282745
484 492 60.091801
484 493 83.334373
493 499 52.703804
489 499 37.265472
478 484 94.282745
492 498 117.852051
497 498 16.667969
498 507 83.334373
499 503 121.333382
503 511 121.336060
511 516 33.332031
516 525 83.334373
525 535 121.333382
522 525 184.087814
475 479 217.304245
516 526 238.629074
517 526 52.705040
508 517 52.705040
508 512 68.716217
512 518 37.267216
518 521 16.667969
518 519 36.030457
514 519 22.609516
471 475 250.554764
471 472 183.335938
472 482 84.982635
472 480 97.181419
462 472 101.378952
454 462 202.759186
454 459 101.379593
448 454 120.436287
500 508 254.950974
535 538 285.285919
538 542 53.697819
542 550 85.060921
550 558 68.716217
557 558 83.335938
542 543 164.170074
535 536 333.752197
534 536 37.265472
557 566 339.933624
566 571 167.498962
571 575 117.848740
575 584 37.265472
584 590 134.369827
566 574 219.216858
574 578 23.569305
578 583 23.566544
583 588 68.720009
579 588 60.091801
579 589 89.751053
577 578 216.667969
570 577 89.752502
561 570 70.710678
570 580 117.013184
576 580 5.839551
576 585 88.866829
585 587 64.825935
555 561 121.332306
555 559 23.572067
556 559 101.379593
561 563 184.092056
587 591 251.673492
591 598 15.092452
598 605 23.569305
605 614 34.055557
614 618 21.818539
618 623 30.852160
615 623 34.420063
605 608 52.705040
604 608 52.705040
623 630 54.205334
630 639 47.223576
639 642 24.232634
609 615 68.716217
603 609 19.133942
639 645 74.532684
644 645 16.667969
643 644 24.601786
643 650 71.201248
645 654 81.940147
654 657 36.529476
628 630 107.274422
627 628 33.332031
626 627 83.332031
624 626 87.500443
619 624 97.227463
657 665 118.207634
665 671 33.388748
671 677 28.169748
677 684 35.461510
684 687 10.035143
687 694 35.939507
694 695 16.664062
695 704 33.332031
703 704 16.664062
704 708 16.667969
707 708 16.664062
708 714 35.752506
714 720 26.882418
719 720 16.664062
718 719 16.667969
717 718 16.667969
717 727 16.667969
727 729 12.302657
729 730 14.218722
727 728 15.811388
728 731 16.787359
726 731 9.973477
731 732 15.055725
725 726 16.667969
716 726 16.667969
713 716 20.782518
712 717 23.566544
709 712 9.567028
706 713 26.636562
702 706 16.667969
701 702 23.261789
699 702 23.569305
697 699 19.648226
724 725 33.332031
705 706 33.335938
705 710 32.763042
710 715 28.167244
715 721 31.866787
700 703 37.268963
689 697 39.215389
689 698 33.085106
685 689 37.691685
680 685 33.080296
673 680 40.991669
673 681 36.756630
676 685 84.134056
672 676 52.705040
668 676 70.710678
659 668 65.802567
653 659 84.745659
656 659 97.068703
695 696 100.849731
690 696 19.503834
686 690 44.390774
656 661 101.379593
646 656 117.852051
646 648 60.091801
647 648 134.369339
647 655 106.716095
638 647 134.372742
634 638 52.705040
634 635 16.667969
625 635 137.435272
652 655 137.439056
637 646 162.599426
672 679 186.337479
679 683 37.270710
679 688 47.141373
669 679 60.093964
675 683 153.658783
674 675 116.664062
674 682 89.754684
678 682 68.716217
682 692 111.803398
692 693 133.335938
667 674 158.113876
660 667 37.270710
603 606 225.000687
654 662 247.730759
658 662 25.401421
649 658 94.280983
658 663 98.914467
663 664 33.332031
663 670 37.265472
641 649 118.350746
636 641 62.741100
599 606 283.821655
599 600 16.667969
600 610 105.408844
610 616 117.848740
611 616 52.705040
611 620 89.754684
620 629 184.088165
629 631 117.852608
621 631 33.335938
617 621 23.566544
612 621 60.091801
631 632 133.332031
622 632 47.141373
613 622 33.332031
601 611 235.704651
563 572 297.221161
569 572 172.374039
569 573 250.555023
562 569 285.289795
560 562 200.693344
554 562 287.713837
551 554 123.254250
547 555 301.846039
541 547 267.188385
540 547 285.286377
533 540 68.716217
532 533 83.332031
532 537 90.562576
529 537 47.707031
691 692 316.664062
528 529 316.667969
520 528 222.358536
520 524 37.267216
573 582 318.417389
582 586 117.852608
581 582 200.000000
586 596 250.555023
596 597 266.664062
596 602 291.687012
595 602 58.427120
638 640 333.748505
442 448 364.928253
488 497 368.175995
488 491 23.572067
487 491 117.852608
507 513 368.180237
510 513 350.396667
502 510 97.181419
496 502 383.694244
496 506 206.155289
506 509 400.347137
505 509 167.499344
504 505 416.664062
501 504 121.336060
477 487 428.496124
474 477 134.373703
477 485 186.339569
495 501 433.652496
486 495 451.232788
476 486 153.657104
476 483 274.875275
483 490 50.000000
549 554 483.623260
560 568 502.493774
567 568 250.000000
473 476 533.592407
468 473 111.803398
468 470 121.337128
465 470 337.061188
455 465 134.372742
463 465 400.347137
460 463 89.751053
451 460 142.398834
460 467 179.505737
466 467 100.000000
330 331 533.592407
447 457 542.064941
374 378 563.161194
421 423 566.124817
418 423 484.480286
418 425 195.077545
411 418 403.112885
401 411 103.877129
411 420 372.679535
199 204 567.647461
204 207 516.936768
207 211 550.252441
211 214 150.923019
212 214 250.554901
208 212 101.379265
311 316 584.287476
312 316 169.964508
312 321 134.371780
321 324 37.266342
324 325 100.000000
313 321 389.085876
272 282 618.687744
272 275 200.693192
263 272 320.591034
259 263 283.821777
254 259 300.462677
254 258 101.379593
257 258 316.667969
253 257 167.499344
249 253 52.704422
248 249 300.000000
439 443 650.213562
332 340 651.920227
565 567 666.872314
564 565 383.335938
651 660 685.158875
449 457 685.158875
449 456 337.065033
228 236 701.783447
715 723 746.738098
722 723 333.332031
723 733 339.933624
473 481 752.957275
524 527 866.828247
527 531 283.821869
523 531 219.217453
515 523 304.138123
523 530 351.583954
530 539 52.705040
539 545 111.803398
544 545 16.667969
544 548 52.703804
545 552 89.751053
539 546 718.410034
546 553 89.751053
633 640 917.273926
194 204 984.602417
190 194 37.266342
186 194 89.754684
186 195 60.091801
183 186 101.379593
183 191 74.533562
189 190 133.332031
179 189 117.850670
180 183 206.155289
180 181 169.964890
170 180 202.758530
169 170 33.335938
168 169 150.000000
164 168 52.705040
161 164 47.138611
660 666 1066.794312
594 595 1100.000000
593 594 233.335938
592 593 66.664062
711 715 1163.102539
494 495 1216.667969
602 607 1441.980103