120729.289713
576 580 5.839551
709 712 9.567028
726 731 9.973477
684 687 10.035143
727 729 12.302657
445 447 12.674553
729 730 14.218722
731 732 15.055725
591 598 15.092452
727 728 15.811388
447 450 15.911145
412 413 16.664062
707 708 16.664062
703 704 16.664062
694 695 16.664062
390 393 16.664062
375 376 16.664062
719 720 16.664062
43 49 16.666016
78 84 16.666016
2 5 16.666016
702 706 16.667969
644 645 16.667969
703 707 16.667969
404 405 16.667969
717 718 16.667969
73 74 16.667969
544 545 16.667969
716 726 16.667969
725 726 16.667969
395 396 16.667969
83 84 16.667969
599 600 16.667969
497 498 16.667969
718 719 16.667969
717 727 16.667969
518 521 16.667969
634 635 16.667969
142 146 16.667969
427 428 16.667969
728 731 16.787359
603 609 19.133942
690 696 19.503834
697 699 19.648226
713 716 20.782518
614 618 21.818539
514 519 22.609516
701 702 23.261789
578 583 23.566544
712 717 23.566544
617 621 23.566544
156 160 23.569305
155 159 23.569305
574 578 23.569305
598 605 23.569305
286 289 23.569305
699 702 23.569305
222 224 23.569305
232 234 23.570686
23 25 23.570686
160 162 23.570686
320 323 23.570686
233 235 23.570686
555 559 23.572067
88 89 23.572067
488 491 23.572067
267 271 23.572067
192 196 23.572067
639 642 24.232634
643 644 24.601786
658 662 25.401421
706 713 26.636562
714 720 26.882418
710 715 28.167244
671 677 28.169748
618 623 30.852160
715 721 31.866787
705 710 32.763042
680 685 33.080296
689 698 33.085106
72 73 33.332031
511 516 33.332031
66 67 33.332031
78 79 33.332031
363 367 33.332031
280 288 33.332031
695 704 33.332031
627 628 33.332031
445 446 33.332031
663 664 33.332031
724 725 33.332031
32 34 33.332031
166 167 33.332031
71 72 33.332031
613 622 33.332031
51 56 33.333984
98 102 33.333984
162 167 33.333984
621 631 33.335938
705 706 33.335938
152 153 33.335938
169 170 33.335938
665 671 33.388748
605 614 34.055557
615 623 34.420063
677 684 35.461510
708 714 35.752506
687 694 35.939507
518 519 36.030457
654 657 36.529476
673 681 36.756630
329 335 37.265472
575 584 37.265472
489 499 37.265472
663 670 37.265472
534 536 37.265472
429 432 37.265472
396 406 37.265472
190 194 37.266342
144 147 37.266342
321 324 37.266342
110 113 37.266342
218 222 37.266342
131 133 37.266342
262 269 37.267216
520 524 37.267216
85 90 37.267216
430 436 37.267216
512 518 37.267216
38 39 37.267216
120 123 37.267216
11 12 37.267216
700 703 37.268963
369 377 37.268963
409 415 37.268963
103 112 37.268963
203 209 37.268963
165 174 37.269836
184 187 37.269836
260 264 37.269836
41 48 37.269836
660 667 37.270710
58 60 37.270710
124 131 37.270710
679 683 37.270710
292 296 37.270710
285 289 37.270710
156 159 37.270710
336 337 37.270710
685 689 37.691685
689 697 39.215389
673 680 40.991669
686 690 44.390774
438 447 44.653175
239 241 45.838860
184 192 47.138611
145 152 47.138611
161 164 47.138611
157 163 47.138611
29 32 47.139992
54 59 47.141373
464 469 47.141373
679 688 47.141373
277 284 47.141373
136 141 47.141373
622 632 47.141373
29 31 47.142754
379 382 47.144135
335 339 47.144135
393 403 47.144135
630 639 47.223576
529 537 47.707031
415 421 49.480782
83 92 50.000000
344 345 50.000000
67 75 50.000000
79 80 50.000000
74 75 50.000000
341 350 50.000000
273 283 50.000000
483 490 50.000000
266 276 50.000000
108 109 50.000000
271 279 50.000000
201 210 50.000000
493 499 52.703804
430 432 52.703804
431 433 52.703804
544 548 52.703804
422 431 52.703804
91 97 52.703804
210 216 52.703804
139 141 52.704422
172 176 52.704422
242 250 52.704422
249 253 52.704422
175 177 52.704422
62 66 52.704422
147 151 52.704422
611 616 52.705040
392 395 52.705040
140 144 52.705040
530 539 52.705040
349 353 52.705040
634 638 52.705040
508 517 52.705040
164 168 52.705040
198 206 52.705040
16 18 52.705040
672 676 52.705040
4 6 52.705040
393 398 52.705040
605 608 52.705040
604 608 52.705040
517 526 52.705040
538 542 53.697819
623 630 54.205334
595 602 58.427120
241 247 58.999252
57 67 60.091801
186 195 60.091801
579 588 60.091801
246 256 60.091801
245 255 60.091801
387 392 60.091801
133 139 60.091801
42 50 60.091801
315 323 60.091801
612 621 60.091801
130 136 60.091801
646 648 60.091801
484 492 60.091801
226 230 60.091801
219 226 60.092884
221 227 60.092884
163 171 60.092884
669 679 60.093964
333 341 60.093964
453 461 60.093964
636 641 62.741100
585 587 64.825935
659 668 65.802567
592 593 66.664062
216 217 66.667969
413 422 66.667969
415 417 68.715271
103 107 68.715744
197 200 68.715744
533 540 68.716217
550 558 68.716217
609 615 68.716217
678 682 68.716217
106 111 68.716217
508 512 68.716217
61 69 68.717163
111 118 68.718109
49 52 68.718109
419 428 68.719063
217 222 68.719528
61 64 68.719528
119 120 68.719528
12 13 68.719528
583 588 68.720009
357 360 68.720009
238 242 68.720009
52 55 68.720009
561 570 70.710678
668 676 70.710678
331 339 70.710678
384 392 70.710678
224 231 70.710678
213 221 70.710678
643 650 71.201248
639 645 74.532684
231 237 74.532684
95 98 74.532684
183 191 74.533562
3 7 74.534431
129 138 74.536179
167 177 74.536186
149 158 74.537056
53 62 74.537926
392 402 74.537926
109 117 74.537926
645 654 81.940147
284 292 83.331253
333 340 83.331253
44 45 83.332031
52 53 83.332031
626 627 83.332031
532 533 83.332031
365 366 83.332031
205 215 83.332809
25 27 83.333984
38 42 83.334373
223 230 83.334373
516 525 83.334373
373 383 83.334373
469 479 83.334373
498 507 83.334373
64 70 83.334373
28 30 83.334373
337 347 83.334373
196 205 83.334373
484 493 83.334373
177 178 83.335938
242 243 83.335938
557 558 83.335938
676 685 84.134056
653 659 84.745659
347 352 84.981873
56 58 84.982254
215 221 84.982254
472 482 84.982635
358 362 84.982635
122 123 84.986084
542 550 85.060921
624 626 87.500443
576 585 88.866829
246 255 89.751053
261 269 89.751053
460 463 89.751053
579 589 89.751053
546 553 89.751053
545 552 89.751053
289 298 89.751053
113 116 89.751778
570 577 89.752502
435 441 89.752502
7 9 89.754318
611 620 89.754684
397 406 89.754684
674 682 89.754684
186 194 89.754684
532 537 90.562576
461 469 94.277222
649 658 94.280983
479 484 94.282745
359 368 94.282745
478 484 94.282745
656 659 97.068703
472 480 97.181419
76 83 97.181419
296 301 97.181419
502 510 97.181419
30 37 97.183090
8 12 97.183090
33 39 97.183090
80 90 97.184769
135 143 97.184769
619 624 97.227463
658 663 98.914467
286 287 100.000000
3 4 100.000000
324 325 100.000000
466 467 100.000000
373 374 100.000000
695 696 100.849731
462 472 101.378952
376 379 101.378952
208 212 101.379265
254 258 101.379593
556 559 101.379593
454 459 101.379593
183 186 101.379593
327 328 101.379593
389 391 101.379593
656 661 101.379593
401 411 103.877129
318 326 105.408844
129 134 105.408844
600 610 105.408844
274 282 105.409462
647 655 106.716095
290 297 106.717316
173 182 106.717316
47 51 106.717316
407 417 106.718536
93 100 106.721581
628 630 107.274422
539 545 111.803398
468 473 111.803398
0 2 111.803398
682 692 111.803398
294 295 116.664062
198 199 116.664062
674 675 116.664062
437 438 116.667969
127 128 116.667969
570 580 117.013184
383 386 117.848190
148 153 117.848457
100 101 117.848457
282 285 117.848457
610 616 117.848740
571 575 117.848740
362 372 117.849289
179 189 117.850670
646 656 117.852051
35 44 117.852051
368 369 117.852051
492 498 117.852051
146 150 117.852325
621 629 117.852608
582 586 117.852608
487 491 117.852608
424 427 117.852608
657 665 118.207634
641 649 118.350746
55 65 120.184677
334 344 120.185768
448 454 120.436287
555 561 121.332306
141 150 121.332840
499 503 121.333382
525 535 121.333382
361 365 121.336060
503 511 121.336060
261 268 121.336060
501 504 121.336060
11 14 121.336594
468 470 121.337128
350 354 121.337128
551 554 123.254250
239 246 126.930748
230 238 126.930748
77 86 126.930748
631 632 133.332031
189 190 133.332031
692 693 133.335938
647 648 134.369339
59 68 134.369339
300 304 134.369827
584 590 134.369827
229 232 134.369827
22 23 134.369827
312 321 134.371780
119 125 134.371780
638 647 134.372742
455 465 134.372742
328 338 134.372742
273 276 134.373474
474 477 134.373703
107 111 134.373703
625 635 137.435272
137 145 137.435745
34 36 137.435745
251 260 137.435745
56 61 137.435745
652 655 137.439056
100 105 137.439056
305 311 142.398834
451 460 142.398834
138 148 142.402496
40 43 142.402496
308 318 143.370346
18 20 149.070618
168 169 150.000000
211 214 150.923019
244 252 150.923019
234 238 150.923019
155 158 150.923233
476 486 153.657104
9 14 153.657104
27 33 153.658585
675 683 153.658783
298 307 153.659210
150 160 153.659210
308 317 157.235580
309 315 158.113876
667 674 158.113876
320 328 158.113876
94 99 158.113876
637 646 162.599426
323 333 164.147369
86 95 164.148163
542 543 164.170074
266 267 166.664062
443 444 166.667969
566 571 167.498962
148 154 167.499161
505 509 167.499344
253 257 167.499344
452 458 167.499344
338 344 169.964508
312 316 169.964508
180 181 169.964890
1 4 171.594147
569 572 172.374039
86 93 174.002609
315 322 174.006348
372 382 179.503555
460 467 179.505737
50 59 180.277557
87 88 183.332031
264 265 183.332031
471 472 183.335938
522 525 184.087814
620 629 184.088165
95 96 184.091888
561 563 184.092056
106 110 184.092056
340 343 184.092056
17 21 186.336960
672 679 186.337479
77 81 186.337830
307 310 186.337830
477 485 186.339569
188 198 186.341690
15 17 190.031754
9 16 194.364502
379 388 195.077545
418 425 195.077545
581 582 200.000000
277 278 200.000000
306 307 200.000000
272 275 200.693192
185 188 200.693192
149 154 200.693192
560 562 200.693344
394 400 200.693344
371 373 200.693344
18 25 200.693680
170 180 202.758530
193 201 202.758865
454 462 202.759186
370 377 202.759186
21 24 206.155289
496 506 206.155289
180 183 206.155289
17 26 208.833313
175 185 216.666916
577 578 216.667969
475 479 217.304245
137 140 217.307999
566 574 219.216858
523 531 219.217453
520 528 222.358536
603 606 225.000687
45 46 233.332031
200 201 233.335938
593 594 233.335938
126 132 233.930496
218 225 235.701065
432 440 235.701340
601 611 235.704651
291 294 235.704651
329 334 235.704651
5 10 236.878342
516 526 238.629074
121 128 238.629074
450 458 238.629074
127 135 238.629074
314 318 238.632904
310 319 242.668900
48 51 242.668900
381 390 242.669434
654 662 247.730759
37 41 247.766800
33 40 247.766800
567 568 250.000000
360 361 250.000000
28 38 250.000000
471 475 250.554764
212 214 250.554901
297 299 250.554901
255 262 250.555023
586 596 250.555023
569 573 250.555023
587 591 251.673492
291 293 252.212265
381 384 252.212265
434 441 252.212784
500 508 254.950974
128 137 258.736084
236 244 263.523346
87 96 263.523346
596 597 266.664062
343 346 267.184479
348 353 267.188385
300 305 267.188385
541 547 267.188385
435 437 267.188385
354 358 268.743042
202 206 268.743286
82 91 271.311096
288 295 271.314941
350 359 274.871490
172 182 274.874817
353 361 274.875275
476 483 274.875275
406 414 279.382507
452 453 283.332031
599 606 283.821655
259 263 283.821777
527 531 283.821869
302 308 285.285919
535 538 285.285919
540 547 285.286377
562 569 285.289795
99 104 285.290039
306 314 287.709991
371 380 287.709991
20 24 287.713837
554 562 287.713837
377 385 291.068939
596 602 291.687012
563 572 297.221161
248 249 300.000000
10 17 300.462250
60 63 300.462585
165 173 300.462585
278 281 300.462585
254 259 300.462677
367 370 301.846039
547 555 301.846039
274 281 301.846252
94 97 301.846252
252 261 301.846252
408 416 304.138123
515 523 304.138123
203 213 304.138123
19 28 307.317169
26 35 310.017151
117 126 311.358673
691 692 316.664062
528 529 316.667969
257 258 316.667969
440 444 317.106110
193 202 318.413696
573 582 318.417389
225 229 318.417389
220 227 318.417572
349 355 320.587158
197 205 320.591034
342 351 320.591034
263 272 320.591034
404 408 323.608856
347 356 323.608856
118 124 323.609283
722 723 333.332031
339 342 333.748291
424 426 333.748505
638 640 333.748505
535 536 333.752197
303 309 334.994415
114 117 334.994629
465 470 337.061188
399 407 337.061188
158 165 337.065033
449 456 337.065033
386 394 337.065033
723 733 339.933624
557 566 339.933624
36 41 343.594818
433 436 350.396667
510 513 350.396667
260 267 351.583588
389 394 351.583588
523 530 351.583954
97 103 353.553406
231 240 356.292511
96 106 356.292511
442 448 364.928253
388 390 367.046631
488 497 368.175995
507 513 368.180237
403 408 372.674957
411 420 372.679535
564 565 383.335938
496 502 383.694244
299 309 386.579163
313 321 389.085876
346 355 389.089355
463 465 400.347137
416 419 400.347137
506 509 400.347137
293 300 403.112885
411 418 403.112885
270 280 405.517731
400 410 408.588104
504 505 416.664062
104 108 416.997223
105 115 419.657257
477 487 428.496124
495 501 433.652496
364 371 436.207123
226 233 436.207123
419 429 438.434326
486 495 451.232788
410 415 451.233063
124 125 466.664062
72 82 469.338898
265 268 483.619293
549 554 483.623260
418 423 484.480286
303 310 485.915253
75 76 500.000000
151 157 500.277740
560 568 502.493774
363 364 516.936646
204 207 516.936768
299 304 516.936768
351 352 533.332031
431 434 533.592285
330 331 533.592407
473 476 533.592407
283 290 534.372742
235 244 539.803345
447 457 542.064941
207 211 550.252441
374 378 563.161194
421 423 566.124817
199 204 567.647461
311 316 584.287476
272 282 618.687744
439 443 650.213562
332 340 651.920227
565 567 666.872314
449 457 685.158875
651 660 685.158875
228 236 701.783447
539 546 718.410034
715 723 746.738098
473 481 752.957275
524 527 866.828247
633 640 917.273926
194 204 984.602417
660 666 1066.794312
594 595 1100.000000
711 715 1163.102539
494 495 1216.667969
602 607 1441.980103